"name","date","total","additions","deletions","sha"
"Adrián Teixeira de Uña","2021-05-28T02:27:45Z",60,30,30,"752596d5f64154d1eadfeabfc6211fe912ea8ec6"
"AdriTeixeHax","2021-05-28T02:23:05Z",0,0,0,"60d0db651d41e25ba8ad4d0a049418ab5f8bf920"
"Adrián Teixeira de Uña","2021-05-28T02:00:27Z",229,159,70,"8e1ceb7176059ccb721674a9a7aeade5a209dd63"
"Adrián Teixeira de Uña","2021-05-27T23:33:08Z",757,431,326,"cefa803f8357395b2bfbadb739945b82340155d8"
"AdriTeixeHax","2021-05-27T18:11:28Z",191,107,84,"55d4fbbc5db1a9a88cdf1621ea6bd35622ab5e1b"
"AdriTeixeHax","2021-05-27T17:57:35Z",513,340,173,"400ba67e75a1a2c21f65c1bef65bd88469259953"
"Jorge Bachiller Cordero","2021-05-27T17:41:41Z",197,124,73,"4eb6ad44b6aea1277140a889c2bd02f6991785e9"
"Adrián Teixeira de Uña","2021-05-27T15:41:14Z",213,105,108,"fec5509ba355d1bb0eb77b7fd3a54e26aa288894"
"Adrián Teixeira de Uña","2021-05-26T20:11:56Z",71,41,30,"5f0d2dd560941f5f4b726e3db44b66dc1561e075"
"Adrián Teixeira de Uña","2021-05-26T16:39:14Z",317,233,84,"3e1db66c6f80d4c9a232f36d6e652374492819e7"
"Adrián Teixeira de Uña","2021-05-26T08:32:19Z",88,63,25,"a9b428f64bb1b3de19e322620d72eadcff7dbd07"
"Adrián Teixeira de Uña","2021-05-26T00:20:54Z",358,238,120,"21436c23eb2a5180e16b46084913a3317a0c8942"
"Adrián Teixeira de Uña","2021-05-25T01:30:02Z",0,0,0,"31f621b4fd88ec35aee2e73f2f6ab32a1a83f356"
"Adrián Teixeira de Uña","2021-05-25T01:28:58Z",334,247,87,"b3921f5ce4196086f07201da5776a09f8deee333"
"Adrián Teixeira de Uña","2021-05-24T19:25:19Z",51,36,15,"9abcfca643c008ad16a8318dd3ed67dd10d84fc8"
"Adrián Teixeira de Uña","2021-05-24T18:42:56Z",0,0,0,"a0aaa7f724c3e36408e3da7b6919e4c765d0ff69"
"Adrián Teixeira de Uña","2021-05-24T18:34:56Z",32,16,16,"5f882a034a6baa2ba8fe08fb9b5b1448d29d3471"
"AdriTeixeHax","2021-05-24T15:42:03Z",886,634,252,"0076ee63235ebdd8756d98a1d4d4d0e38e16ec2b"
"AdriTeixeHax","2021-05-24T15:41:44Z",343,302,41,"99b8c923f512d1b6ae89d805eee79575ce4e6891"
"Adrián Teixeira de Uña","2021-05-24T15:28:25Z",835,483,352,"396019f50e3f45297c45099837d1cdc035646b73"
"Adrián Teixeira de Uña","2021-05-23T16:13:55Z",259,122,137,"6e8a2ff94f62a9da5fff85fe77ffaf6980a59a40"
"Adrián Teixeira de Uña","2021-05-23T15:57:11Z",16,6,10,"2707e8080eda0fc1cd0380bc16af69e09e061aa3"
"Adrián Teixeira de Uña","2021-05-23T15:43:07Z",0,0,0,"6bb5fc39e004c48b03d3c72ada2ad91dcc97870c"
"Adrián Teixeira de Uña","2021-05-23T15:42:16Z",49,26,23,"784c7754036a218f14a1c13e0a20b33a4ab7329d"
"Adrián Teixeira de Uña","2021-05-23T01:11:17Z",71,46,25,"32feb81063d3e118e4c90547a9ca33a0cbae370d"
"Adrián Teixeira de Uña","2021-05-23T00:37:20Z",147,96,51,"817ce335c3bc3646038e03ee4f627e0995c5908d"
"Adrián Teixeira de Uña","2021-05-22T21:35:51Z",396,191,205,"3faeb81a06b20ee4681d9ac354ab34438fae6b6d"
"Jorge Bachiller Cordero","2021-05-22T21:02:56Z",15,12,3,"5ba726d8cdf15eaa4843d8061ae67d538f961fa8"
"Adrián Teixeira de Uña","2021-05-22T18:13:35Z",396,205,191,"5a7ced66086aadeb92277c38dc60b7a1c48cd170"
"AdriTeixeHax","2021-05-22T12:24:55Z",326,289,37,"1999fad06e13b3e9c540bcf40f70566dba2c95af"
"Jorge Bachiller Cordero","2021-05-22T12:22:08Z",54,37,17,"95a2f247e8e1e4699c46464035c7637f452095ed"
"Jorge Bachiller Cordero","2021-05-21T20:14:06Z",264,220,44,"170d4973b34ef37bf4ccea927db22dd5c814e6e2"
"Adrián Teixeira de Uña","2021-05-21T13:03:18Z",200,170,30,"1f59c91894fb7ba15ae69948bd51ce5c729d898c"
"Jorge Bachiller Cordero","2021-05-19T09:42:12Z",65,41,24,"7506d804b19001e33c0a8f684bba11aa369c06e2"
"Jorge Bachiller Cordero","2021-05-14T11:52:36Z",62,0,62,"d86522f1fcf5c595fbdf766b6a873c3e7b90db0b"
"Jorge Bachiller Cordero","2021-05-14T11:52:28Z",47,43,4,"d21ce09b68e93ff8a632b1268604243cd41f95e1"
"JorgeBachiller","2021-05-14T10:37:22Z",62,0,62,"89281b6f19eff8138d1f907f783e95612135264c"
"JorgeBachiller","2021-05-14T10:37:13Z",0,0,0,"beb9ef54ad96257391f954745f761e5693325260"
"Adrián Teixeira de Uña","2021-05-14T10:36:09Z",62,0,62,"fc43994ae8bb7b628beffc30086f2d594f0d37b3"
"Adrián Teixeira de Uña","2021-05-14T10:35:17Z",154,101,53,"ba486dd6a2c6c683f2ad5b6162cef3fba2f47705"
"AdriTeixeHax","2021-05-14T10:34:46Z",62,0,62,"d56d53fc5e8f1e4d10a998eeeb7e3163253d2161"
"AdriTeixeHax","2021-05-14T10:34:36Z",0,0,0,"8836a290846cdbcb6dd9bed56e8c489df0cf02f0"
"AdriTeixeHax","2021-05-14T10:33:45Z",62,0,62,"670b2102df50d3379297ae726f91bfaab0306fff"
"AdriTeixeHax","2021-05-14T10:33:36Z",0,0,0,"724484d3e39ec445769d64fe30e85534cc26fbc4"
"Adrián Teixeira de Uña","2021-05-12T11:07:38Z",67,40,27,"c28841265cf6f244738dd327dd4db8093596ee9f"
"Adrián Teixeira de Uña","2021-05-12T09:14:30Z",98,77,21,"edd117736917b9884b23e821616dd323e4bf9967"
"Adrián Teixeira de Uña","2021-05-12T08:37:53Z",403,16,387,"33acee9657e1ef9fece57253d88223a8b21d77a1"
"Adrián Teixeira de Uña","2021-05-12T08:27:29Z",820,745,75,"d921955d23ffc0833d8c264fd15cf799db2dab5b"
"Adrián Teixeira de Uña","2021-05-12T08:26:26Z",62,37,25,"f59411c8ff852e591bcf6a40bbfd2ed2a16d5753"
"Adrián Teixeira de Uña","2021-05-12T08:26:05Z",11,7,4,"c7cee66fcd9f4fb8bfdfc130f233141fb3ad0e8e"
"AdriTeixeHax","2021-05-12T08:24:15Z",840,746,94,"345e856edaedb7a56345156a8714eba8c77627f4"
"AdriTeixeHax","2021-05-12T08:24:04Z",706,630,76,"b1b125201d36805b6a4f0818848679a1fcbc9b64"
"Jorge Bachiller Cordero","2021-05-12T08:21:46Z",41,0,41,"a3bd9e490adc08327b9916b64a0f891853419c0a"
"Jorge Bachiller Cordero","2021-05-12T08:09:49Z",24,19,5,"95f951e4952c85f436f8383eb95b10c35150e11e"
"Jorge Bachiller Cordero","2021-05-11T21:30:00Z",62,47,15,"9d11d6ced96545239417b33e94f4924ec5f42288"
"Jorge Bachiller Cordero","2021-05-11T20:31:13Z",141,70,71,"5e38317601d50337ff1baf82bc43f15d109dca27"
"Jorge Bachiller Cordero","2021-05-11T19:46:16Z",2099,546,1553,"e7324b698f2abfca6c2856104002dce3ad5b2604"
"Adrián Teixeira de Uña","2021-05-11T18:12:51Z",547,279,268,"38a1471af321eff0d2a2a4a57744e76b515677e1"
"Adrián Teixeira de Uña","2021-05-11T17:45:26Z",23,12,11,"ff426d00e6b54982d7cabb50bf594d9f646d651a"
"Adrián Teixeira de Uña","2021-05-11T17:38:02Z",27,14,13,"164a7fcc970eddf9e24a28993d77abaed5b2274e"
"Jorge Bachiller Cordero","2021-05-10T22:09:09Z",1456,995,461,"87e5336ef4771f6deefdaf046e26239ed353f382"
"Jorge Bachiller Cordero","2021-05-09T20:54:58Z",568,442,126,"37d48bae5f496a81010b1f7b13508db1711bdc91"
"Adrián Teixeira de Uña","2021-05-09T18:33:58Z",25,13,12,"535c0b9c89a305592aa12f41b5e235b985e1697e"
"AdriTeixeHax","2021-05-09T00:10:11Z",629,525,104,"ee95ecfeed3729af56a6c9fa32a88cbaaa30680a"
"Adrián Teixeira de Uña","2021-05-08T23:58:33Z",383,253,130,"decfa21833968fafb1ef81b962e3c5aa3b72d05d"
"Adrián Teixeira de Uña","2021-05-08T17:21:38Z",129,76,53,"bc1131303121cde22424c9629ebcfcaf09733584"
"Jorge Bachiller Cordero","2021-05-08T17:13:38Z",365,365,0,"8a5c3dd0c749c41a2034e47d99653ce9cf79746f"
"Jorge Bachiller Cordero","2021-05-07T21:10:17Z",341,336,5,"ec7d2d7cf96f18ef44790b1dbd1752fb7daba85d"
"Adrián Teixeira de Uña","2021-05-07T14:09:10Z",79,51,28,"183ab367110d109fffe22d0f4b5c735092487bd3"
"Jorge Bachiller Cordero","2021-05-07T11:32:42Z",136,136,0,"952b5f8a6fb305984d7fd06ee2ac605357c348a2"
"Jorge Bachiller Cordero","2021-05-07T10:19:41Z",29,0,29,"3119bdf57c090d41262c19731e7fb463f371241a"
"Jorge Bachiller Cordero","2021-05-07T10:13:34Z",157,157,0,"16e9402046b53e05fbd7566e6db07959f6689763"
"Adrián Teixeira de Uña","2021-05-07T09:57:29Z",29,12,17,"1f72c905511efd8f44a1c0b28849305914079b70"
"Adrián Teixeira de Uña","2021-05-03T16:20:10Z",232,194,38,"fede1f72dc7b66333402bfd257b7a02f02a9f2db"
"Adrián Teixeira de Uña","2021-05-03T11:50:00Z",71,61,10,"d03458e11141ad72e982f6fd2b71e99ee17e0ee1"
"Jorge Bachiller Cordero","2021-05-03T11:30:33Z",29,29,0,"f2cdf02afc4548ff586c640920aa4ab4101a395d"
"Jorge Bachiller Cordero","2021-05-03T11:11:29Z",29,29,0,"e6183990b5ce1f72fe8ed70141097bf180e34fb3"
"Adrián Teixeira de Uña","2021-04-28T16:56:52Z",248,149,99,"b2e2c715ef964fbd50ca160631bbff32cf9b398c"
"Adrián Teixeira de Uña","2021-04-28T15:21:49Z",0,0,0,"db825aa2ee4fe4647fac88e3a7f79acccb282aa9"
"Adrián Teixeira de Uña","2021-04-28T15:18:56Z",114,70,44,"0d73361235b4e9c0797f6653b90cfc6a03788f49"
"Adrián Teixeira de Uña","2021-04-23T14:27:46Z",25,20,5,"e89424d9e0ab60bdedcbee9ad0f41c5ef32b6f07"
"Adrián Teixeira de Uña","2021-04-21T17:56:03Z",86,77,9,"8f464faa4000091d4c68aadd99c89b0d868162e3"
"AdriTeixeHax","2021-04-21T17:19:31Z",3,3,0,"3e4da7b2d2d9d22bd41c3b5da2120a3a912d0376"
"Adrián Teixeira de Uña","2021-04-08T09:38:28Z",10,5,5,"fe25f2e511ff433b11825f0b8f3699856ea151d5"
"Adrián Teixeira de Uña","2021-04-08T09:36:59Z",12,6,6,"4b9b303fb5b34467f168f3397e4a4c632b7843dc"
"Adrián Teixeira de Uña","2021-04-08T09:33:14Z",164,60,104,"29af3533e34eee104d3bca4ede8f647939b52c18"
"AdriTeixeHax","2021-04-06T17:31:48Z",0,0,0,"ceea71202920e2d5cdbc49eb54be5d34fc8abd86"
"AdriTeixeHax","2021-04-06T17:30:17Z",182,158,24,"96191513787e38f66ca2bef0f0cdeae222a8d8c8"
"Adrián Teixeira de Uña","2021-04-02T14:07:28Z",61,61,0,"18c1fafa0ca2c98965f58424e281e5483f3fdfda"
"Adrián Teixeira de Uña","2021-04-02T14:06:18Z",197,135,62,"c8ae71071fafa8968144b9f090ae01b0ebf1bfef"
"matiaspolo","2021-04-02T11:06:16Z",19,15,4,"820c0209a5214b6e96560893e7775bd34ecf8b15"
"matiaspolo","2021-04-02T10:35:17Z",72,72,0,"ee78413a77035c5d629b29e5f35168cd6cfe2162"
"Adrián Teixeira de Uña","2021-03-31T07:10:05Z",0,0,0,"0927e76b15ab26f95fffe71c17b672cb6a21444b"
"Adrián Teixeira de Uña","2021-03-30T14:17:06Z",0,0,0,"9f0f5f06b7b56123a441ed8e9e26d65cd93bd122"
"AdriTeixeHax","2021-03-30T11:37:25Z",3,2,1,"d0b270277ee8aea5f829785693f860d60bc60bc4"
"JorgeBachiller","2021-03-30T10:40:48Z",2,1,1,"12bd0470dbab14bd2ab4a8163840d41925fc2e93"
"danielsotoaguilar","2021-03-15T09:54:56Z",1,1,0,"68cc9bf854ee1f4369f0e24cdf9a7fdebcd83865"
"Adrián Teixeira de Uña","2021-03-12T15:17:45Z",7,4,3,"baa787de75b8e4f4c5214ab91c34e2bc0b091182"
"matiaspolo","2021-03-11T15:58:02Z",1,1,0,"7e6d9c02e5ae05d4c1595998f1afb9335f6a115c"
"AdriTeixeHax","2021-03-09T15:04:17Z",6,3,3,"9ac2987b2a6fe4c1f8b5d9a4692f0668febdb665"
"github-classroom[bot]","2021-03-09T14:41:20Z",737,737,0,"c5a54fab42aec441847ebcf92cda437acefecc33"
