"name","date","total","additions","deletions","sha"
"angiguoyin","2021-05-28T21:48:40Z",0,0,0,"46471fc866cd023d1755e0ca0d86bfbaa438a1bf"
"angiguoyin","2021-05-28T21:48:20Z",327,173,154,"16e3414a7a31c3e91bf7775da6608472348e089a"
"JoseUmiri","2021-05-28T21:48:16Z",0,0,0,"3a1d5b30f33276e5bd2b02debfaf97ae99e5a6c6"
"angiguoyin","2021-05-28T21:48:08Z",0,0,0,"92752159eee7f73a6e8cdc48792508fbe306a2a1"
"JoseUmiri","2021-05-28T21:46:19Z",0,0,0,"692a11268f4f8ea70c2e362471ad7a3e60458b76"
"JoseUmiri","2021-05-28T21:40:09Z",17,15,2,"4a65272aea31d9be36a1f2fddde7e326c09b447a"
"JoseUmiri","2021-05-28T21:39:57Z",0,0,0,"54cd255f46002a00afde12e281f1af184eaa3e74"
"Yuan","2021-05-28T21:17:02Z",3,2,1,"616bba065fac8375c2738257b2061b9615ba0119"
"Yuan","2021-05-28T21:16:02Z",14,13,1,"29022691c4e0976239709293f85693750fdf53e2"
"JoseUmiri","2021-05-28T21:11:09Z",165,158,7,"bcfb03b3fa6571c687281f9764b9fbe9443e7ffc"
"JoseUmiri","2021-05-28T21:11:06Z",0,0,0,"dfed210d8e0a3a9ada7fa24a3dd019e714157f1f"
"Yuan","2021-05-28T20:35:12Z",145,0,145,"b7ebff739faecc5f35b6bfc7805bfb1e90f49044"
"Yuan-Qian-XD","2021-05-28T20:33:36Z",165,158,7,"1486fa14103f0640aa3af7b6c81887f474d27bd6"
"angiguoyin","2021-05-28T19:57:35Z",145,145,0,"959430d61b71d23de821fd5632dfbce8faeca8cc"
"JoseUmiri","2021-05-28T19:53:32Z",39,30,9,"2c8d4d81cfd71fd5ae0403248ef07184b146e6b1"
"JoseUmiri","2021-05-28T19:52:32Z",0,0,0,"36deab7b02c69dfd695bccb15357d987e6c525d5"
"JoseUmiri","2021-05-28T19:50:28Z",0,0,0,"1d0ae7b950611c97f1216f5112f9cd352685f2f9"
"Yuan-Qian-XD","2021-05-28T19:45:31Z",39,30,9,"83affdf2f95a660ad63c01cb665978fd1930d50b"
"Yuan-Qian-XD","2021-05-28T19:42:31Z",0,0,0,"dba1316fd0914e6afb74d1904d85c0ccae0314fc"
"JoseUmiri","2021-05-28T18:41:41Z",0,0,0,"6b1c5c5ff1ec83b878df58a9d3dbf4391c47af38"
"Yuan-Qian-XD","2021-05-28T18:07:33Z",0,0,0,"e1fcdc4d0db987daad900ca75fab62156803d2ee"
"JoseUmiri","2021-05-27T16:36:28Z",0,0,0,"5f56acc0ae18e6c985eda637c25ee26a60971c1f"
"Yuan-Qian-XD","2021-05-16T04:28:19Z",108,56,52,"c264f048be6d926eda38f8d33581dd02ec47bacf"
"Yuan-Qian-XD","2021-05-16T04:10:18Z",28,20,8,"2ce3e5912a2c78fd9a0da35eef0be8b9ae2b485b"
"Yuan-Qian-XD","2021-05-16T03:20:32Z",142,82,60,"0680e2a2ed34039fc2397adc03a35b1226860943"
"Yuan","2021-05-14T20:11:19Z",6,5,1,"c71ca0c9fa25b66d14a9291be1c81ca91ccadc4d"
"Yuan","2021-05-14T20:10:55Z",5,2,3,"5e578a508e9eaa9f147fb37c7874d379fa798094"
"Yuan-Qian-XD","2021-05-13T22:47:10Z",8,5,3,"20d3914a0323a95f893d80c1f8d79039d87f5e7e"
"Yuan-Qian-XD","2021-05-13T22:47:03Z",107,74,33,"304906853e5cf573681f2c31992bc37cabbb748b"
"Yuan","2021-05-13T21:24:09Z",8,5,3,"62173d177f0a3c0f69afb58c049cde9a07113474"
"Yuan-Qian-XD","2021-05-13T17:31:44Z",11,11,0,"77021db4ef528129745583c01d458a765cfb937a"
"JoseUmiri","2021-05-13T17:22:34Z",6,4,2,"76431915bc23ae7afdf121937c1a36a494fc4903"
"JoseUmiri","2021-05-13T17:11:40Z",13,0,13,"5537d20af3160b8d965ca9ecdfee463fce555e39"
"JoseUmiri","2021-05-13T17:11:05Z",63,0,63,"e7fcaca5ceb043a3eb82c1e5b9d33c98635ef130"
"JoseUmiri","2021-05-13T17:10:35Z",103,0,103,"72f5f9d8040f7df6afdc016281ec3dffdd38215d"
"JoseUmiri","2021-05-13T17:09:49Z",259,0,259,"07ed85d632f52ba12935c570523ecf407e531064"
"JoseUmiri","2021-05-13T17:08:20Z",30,15,15,"1d1e43688958b0402696812a39d0141bcd647b16"
"Yuan-Qian-XD","2021-05-13T16:29:07Z",259,259,0,"2c92ba4baff94d1f7966c426633b05e207c5db92"
"Yuan-Qian-XD","2021-05-13T16:28:37Z",428,258,170,"e6a66404a39317f50283a38593e0a30efbad4a26"
"angiguoyin","2021-05-13T14:44:42Z",86,43,43,"782dce4a409442e94ddcfb6823eac9c42ef10cdd"
"angiguoyin","2021-05-13T14:19:21Z",230,149,81,"32aa32cb228d596d58b5122942baa78cf461c471"
"angiguoyin","2021-05-13T14:19:18Z",259,259,0,"952f55a9de7102da0f5d0ae021aad326b61a188f"
"ANGIGUOYIN","2021-05-12T23:12:46Z",230,149,81,"024aec0d763046d0e824ecc027b0b1c61f247023"
"Yuan","2021-05-12T16:25:08Z",26,12,14,"29beefe453d03158c67ea784efa6ce5b88ac4cf5"
"JoseUmiri","2021-05-12T15:45:26Z",36,0,36,"c17a78845b576d8dd3055206c1d232840888fe2b"
"JoseUmiri","2021-05-12T15:43:16Z",36,36,0,"10ca75134c0bc6e7cd94919cb84bf67fdb28e11a"
"Yuan","2021-05-12T15:22:11Z",33,28,5,"b577d33a301b58b3da6e8744977bda418484c966"
"angiguoyin","2021-05-12T10:00:35Z",74,74,0,"4d382ab95ad8722ca0c8e1cd790a195bd9ccb080"
"JoseUmiri","2021-05-10T20:49:49Z",113,113,0,"d04382eed4fc52c0eb0ab2bdbb6ece97672e81a1"
"Yuan","2021-04-09T18:59:43Z",110,0,110,"df0c964b8bc3109ea98da8407afac92b4e08e8fa"
"angiguoyin","2021-04-08T19:42:59Z",1,0,1,"f2223c34f4ae3944a2ba149efb9dab7765a69b1c"
"angiguoyin","2021-04-08T19:41:53Z",1,1,0,"93f61fa0d1f207a3aa49a4539ffad943424cd441"
"angiguoyin","2021-04-08T19:23:31Z",0,0,0,"bf37dc51d1b82d4b506bdaec797b4fc856a0d76c"
"Yuan-Qian-XD","2021-04-08T18:40:25Z",124,65,59,"5a8be5381a5c7e5034362d805f63762bfc0ecca3"
"Yuan","2021-04-08T18:38:58Z",146,63,83,"caa0441c1d4ff02ab49f7eabb60693b6665012c0"
"Yuan","2021-04-08T18:37:23Z",24,0,24,"d17ef5f8f2edec6e5974d78ebc8d57087958d968"
"Yuan-Qian-XD","2021-04-08T18:35:58Z",110,110,0,"8ab95aded005dcfdb45f2b02b6041dbc7c6e1758"
"angiguoyin","2021-04-08T11:28:14Z",57,54,3,"9661bc1a40495e54f51ff43a1bbb256942cb7441"
"Yuan-Qian-XD","2021-04-08T09:45:45Z",87,87,0,"8225cf9541b019f784faefe3947f372d71199b71"
"Yuan-Qian-XD","2021-04-08T09:45:12Z",5,3,2,"482900a8ab37659edc73de3382208d7381432e0b"
"JoseUmiri","2021-04-08T09:38:34Z",24,24,0,"07377d0a84f6fc3d2682c3dc606192876ec47e51"
"JoseUmiri","2021-04-08T09:36:36Z",63,63,0,"deab9b0954c58f66139d438851dde80dcb230c63"
"angiguoyin","2021-04-08T09:31:18Z",24,24,0,"e98608a5914ddf05076dd0c439791cf213d3be9c"
"Yuan-Qian-XD","2021-04-05T18:06:37Z",12,9,3,"f52bdec315601d8b21a2da3614ce88d05edd2b59"
"Yuan-Qian-XD","2021-04-01T18:14:56Z",66,66,0,"cc1e10c4f78b5588b3dc8a454e1d59b2e1cb2076"
"JoseUmiri","2021-04-01T09:25:28Z",4,2,2,"e5b0c0b5779831d6473fbd33b9108719e809d652"
"ANGIGUOYIN","2021-03-11T16:27:01Z",6,3,3,"eb20a8e1006c62d6f79bd2bfcf0f62df92b5008e"
"ANGIGUOYIN","2021-03-11T10:55:00Z",6,3,3,"3ece8d6ad2bde6a7bec2dba3c20b93eab9943bbe"
"ANGIGUOYIN","2021-03-11T10:53:25Z",7,3,4,"894a318c3ee63b8938cba5f118f3cbb723dce1fc"
"Yuan","2021-03-11T10:52:16Z",2,2,0,"5f32917eb25072806e14a0f18d562149f2d11fa1"
"ANGIGUOYIN","2021-03-11T10:51:08Z",3,2,1,"414b8ea979a130d8220d68ce644ca4fd0d322125"
"JoseUmiri","2021-03-11T10:50:48Z",2,1,1,"62794d199d64302a64eb7830eada861906b31327"
"ANGIGUOYIN","2021-03-11T10:48:53Z",2,1,1,"65c54c490a2669c3ba9714282a88e701b77081bd"
"github-classroom[bot]","2021-03-11T10:42:09Z",737,737,0,"5a593e45a20d4448761ae617a1f3517029b1b6f4"
