"name","date","total","additions","deletions","sha"
"MiguelGV22","2021-05-28T16:58:06Z",0,0,0,"e1b49df367f98122ea9762dca2a6e8ca74f3c0e3"
"Davidd02","2021-05-28T16:42:14Z",8,4,4,"98ef547e08f6bb770a3d289d1183a13c25441796"
"MiguelGV22","2021-05-28T16:38:13Z",42,38,4,"54402bc4bcc6bed9f547debb505fa86484ea801b"
"MiguelGV22","2021-05-28T16:38:09Z",17,9,8,"ca953a3549242adc28e70102f5fd81d2275950a5"
"Davidd02","2021-05-28T16:16:04Z",0,0,0,"4c89f616eafd075eefe575609b7358f3c56f6d43"
"Davidd02","2021-05-28T16:15:40Z",42,38,4,"a84373f3c2af472a6d6354b4087ba9fb78428c02"
"MiguelGV22","2021-05-28T15:56:11Z",0,0,0,"01fbed6bf501dbf5491c0eb7ddd9d28920d18068"
"Davidd02","2021-05-28T15:07:29Z",6,3,3,"8d45baaaf06c1de688f27a726c931008b55d69e8"
"Davidd02","2021-05-28T14:51:47Z",18,11,7,"876b4dfeab39c3280f927179dc7fc0206a3ee837"
"Davidd02","2021-05-28T14:16:11Z",16,12,4,"84ccef8ee4983d2244a02444d1f888335d32e8b9"
"MiguelGV22","2021-05-28T07:58:07Z",0,0,0,"aac6d0264adc92c6f1ddb60b7f0f1898d492943d"
"MiguelGV22","2021-05-28T07:40:18Z",0,0,0,"ebb181c6e0ffc3fb341875611afc8d93752f2025"
"MiguelGV22","2021-05-27T21:14:10Z",0,0,0,"e9f6025158c8b90eeb8c564a9ea0a3c81d0a2ab2"
"MiguelGV22","2021-05-27T21:10:34Z",0,0,0,"021eeef4fb678ee77d1951cc815bff8e4cad3923"
"MiguelGV22","2021-05-27T21:06:23Z",0,0,0,"c67a59cd62b78795abba6401bb0c9516b8ca4d92"
"MiguelGV22","2021-05-27T20:57:40Z",0,0,0,"8fa9e8e9ef5523a7b0c1580d3ed29fa021e2333b"
"Davidd02","2021-05-27T20:33:13Z",0,0,0,"7f3a60d34546e1cbc3163a22255c99bed2fb1738"
"gonzalopeinado","2021-05-27T20:31:19Z",0,0,0,"29abe31ce90dc509212f80aba2fa64a9b0a4b571"
"gonzalopeinado","2021-05-27T20:25:25Z",0,0,0,"23317adc8d503d450d4a77a567e81bd6aed6ec8d"
"MiguelGV22","2021-05-27T20:13:24Z",0,0,0,"8d04602ccc619106832801d8230d69fabd0c9989"
"MiguelGV22","2021-05-27T19:39:12Z",0,0,0,"90616a66f81c92dc1d3c5b041ddee3fb85324347"
"Davidd02","2021-05-27T19:13:35Z",56,28,28,"facd6bdaf08aa5b65a897b20acc56d64c931bc39"
"Davidd02","2021-05-27T18:33:16Z",4,2,2,"abb23fbd1fe378707d7469746208b10be6511b70"
"Davidd02","2021-05-27T17:18:41Z",2,1,1,"867e7029ee89a8905b883e812e385f4f43607dcc"
"Davidd02","2021-05-27T17:18:38Z",40,15,25,"873b63f1c1580fe69e2da3900886002b2dfeb8f3"
"MiguelGV22","2021-05-27T16:51:41Z",2,1,1,"c2d0f47defaaaa0276edf1c08064e1b886b8513b"
"Davidd02","2021-05-27T15:50:11Z",24,22,2,"ade398aea5ea269acf22c83468528e25fec1aebb"
"Davidd02","2021-05-27T15:31:59Z",40,16,24,"e35fabdb6f174bcd028555fcd47d8f83e129efc2"
"Davidd02","2021-05-21T18:38:05Z",39,15,24,"413ff1ebbff0be34bcd3f4f8621f6c5c11bfe45d"
"MiguelGV22","2021-05-21T10:25:34Z",222,221,1,"c20365e468ee61091d10fc3ea8ebd4026fdab14e"
"Davidd02","2021-05-20T09:55:17Z",8,8,0,"25b3d71aa78ac319f3322ca24bd08a3b86f5fcbe"
"Davidd02","2021-05-19T16:17:41Z",98,98,0,"3b19e7a8ccd85fbdf66f17f980b03f2a9bcbb968"
"Davidd02","2021-05-19T15:26:04Z",190,101,89,"e99efc577f047ef78504026e777e0071ed3dd684"
"MiguelGV22","2021-05-15T06:57:30Z",4,2,2,"6c189d8879bd27a8f3b62049b31748ba238cdf2d"
"MiguelGV22","2021-05-15T06:53:05Z",16,16,0,"acf577006d39951ebf54a06ad919a91c3959382a"
"MiguelGV22","2021-05-15T06:50:49Z",42,42,0,"f7894efc6c8ee0aee150cbb0f24470881c942c24"
"MiguelGV22","2021-05-15T06:45:49Z",364,337,27,"2185a14b2df89d549a5a4c687e05ed5e092c1a43"
"Davidd02","2021-05-13T16:53:43Z",281,158,123,"e5c06bc513ee460f9829cea4808248f8c14efb88"
"Davidd02","2021-05-13T14:57:31Z",0,0,0,"1d84621d121e13a8400809973e70a04b684f7ac6"
"Davidd02","2021-05-12T18:21:53Z",224,182,42,"9509e5e80495a20e7c5540a71ebf83d10ca7ca03"
"MiguelGV22","2021-05-12T09:38:13Z",0,0,0,"07254959a39378c76a7e57fa3f2f4ab71f7f2a81"
"Davidd02","2021-05-11T19:21:13Z",36,34,2,"0c31d2dfce4444a807205cb80a2af5355c79a62d"
"Davidd02","2021-05-11T15:47:18Z",29,16,13,"7b4bda9509c08fc44c21f67256b42eb055e627a8"
"MiguelGV22","2021-05-09T12:12:42Z",16,14,2,"6da83df15f1d6b42f1b6f8b346fc90fe1cb82583"
"Davidd02","2021-05-09T12:02:38Z",2,1,1,"7fa8adc7da12eacf88242fc83d66c499534c9fa3"
"Davidd02","2021-05-09T11:57:17Z",7,7,0,"17ef39be304544d6147093065f3ea5c7a90d7bbb"
"Davidd02","2021-05-09T11:30:30Z",5,5,0,"ffec27de32b249dd2f61e272b24ef8ecfc001534"
"Davidd02","2021-05-09T11:30:06Z",5,5,0,"448ef6ec080907c1ea4625c1260fb0be3e750015"
"Davidd02","2021-05-09T11:29:27Z",219,216,3,"f2b5ab5272a244c6967d59550abe9d18e14e80a0"
"MiguelGV22","2021-05-08T12:42:31Z",0,0,0,"5fadf4661aa91c983ae1dd77678d7a1ad0492ce9"
"MiguelGV22","2021-04-09T11:36:14Z",0,0,0,"b35f2ff65bab3805129478701672b6f4bad67eba"
"Davidd02","2021-04-09T11:30:34Z",39,39,0,"b1030174244556fddcb97b2a052522c445e20112"
"MiguelGV22","2021-04-07T11:41:56Z",2,1,1,"ae64185b4aebc39e743a54bf4147ae92cf2632a4"
"MiguelGV22","2021-04-07T11:34:56Z",2,1,1,"cc5d8ed80db6fd5e16b90cf7606547ca82244be2"
"MiguelGV22","2021-04-07T11:33:28Z",2,1,1,"df66b9f70be3966ad4108a9eeeb9daae363dbf4d"
"Davidd02","2021-04-05T14:24:26Z",2,1,1,"be83fded88f87f0fbb5b523118757c5cdfe81da9"
"MiguelGV22","2021-04-02T15:49:29Z",6,3,3,"cc8cf51d806bfcc71a8649fe58265441dbedfe65"
"MiguelGV22","2021-04-02T15:43:02Z",3,0,3,"d707281d24ec81c239749a5ca88c6482776a2717"
"Davidd02","2021-03-12T18:23:40Z",2,1,1,"b0e17b91108f6a7c4b2798e41d67d9d10e00c433"
"Davidd02","2021-03-12T18:21:49Z",3,2,1,"16ce727185ce2f2ab1fc135774d7aa686fe35802"
"MiguelGV22","2021-03-12T18:11:23Z",11,7,4,"6956625c5f1c91ae553d2d1ffc92b8d2fdfd33ac"
"github-classroom[bot]","2021-03-12T11:14:57Z",737,737,0,"edddb9dc0461b9c3fc70db57afee24b4fc8929ce"
