"name","date","total","additions","deletions","sha"
"AlvaroLVillarroel","2021-05-28T19:49:30Z",383,383,0,"4aab94ce26e2d3c6ecca69b342db5bc52d70a240"
"AlvaroLVillarroel","2021-05-28T19:14:25Z",1,0,1,"e206085c34c2b1e89846c609d24f6d088948ec51"
"AlvaroLVillarroel","2021-05-28T19:12:48Z",1,1,0,"86857581f870ea549d03f8049e021df606f6d60a"
"JavierLerinAlonso","2021-05-28T18:46:12Z",1,0,1,"0c4c54d5b9dda00aa2c37ed7866494b38fa9a77b"
"JavierLerinAlonso","2021-05-28T18:45:55Z",0,0,0,"20d2e2be32ddf4ac9660c6ca01ecfc1a186c43bb"
"JavierLerinAlonso","2021-05-28T18:45:27Z",1,1,0,"f83e1d24a92c3067d729f9b5338269aba37c55bb"
"davidpintollorente","2021-05-28T18:35:53Z",117,117,0,"b90399851e4588bde40dc7d96b1aa069c6b86f41"
"davidpintollorente","2021-05-28T18:32:47Z",59,30,29,"084a00c0b52f60222a45bc1e294f9b6b5cd3522b"
"JavierLerinAlonso","2021-05-28T18:01:30Z",0,0,0,"10a3d0f4d636353aec89b3dd39f840c342641a9b"
"JavierLerinAlonso","2021-05-28T18:01:00Z",1,1,0,"0bef27b901feb7f723ba01048ef8db155754137c"
"JavierLerinAlonso","2021-05-28T18:00:15Z",1,0,1,"71f690164d2ad3d77c174fc4b6a3c77fc27aa0f7"
"JavierLerinAlonso","2021-05-28T18:00:03Z",1,1,0,"190ce9782df3e00cb1c625c178c3ad1c00f3b0fa"
"JavierLerinAlonso","2021-05-28T17:59:24Z",0,0,0,"01352aed9979cbb1bc05a1e6ecd745037db41561"
"JavierLerinAlonso","2021-05-28T17:58:59Z",0,0,0,"b7319d7ba8289e83e8066233cb012ff60705b856"
"JavierLerinAlonso","2021-05-28T17:58:47Z",0,0,0,"f770bfaa3000142add6a1ccabd8e01870c628067"
"JavierLerinAlonso","2021-05-28T17:58:27Z",0,0,0,"b0178c0aa57862732ceaffb406b56c5b8e3b4119"
"JavierLerinAlonso","2021-05-28T17:58:20Z",0,0,0,"66e495e6141c89022998297e79bc34902c43e244"
"JavierLerinAlonso","2021-05-28T17:58:13Z",0,0,0,"3559229d467526b9f3809354f691ed74b7217063"
"JavierLerinAlonso","2021-05-28T17:56:42Z",0,0,0,"123cff69a1aa1a9e26a8ad90ec5220a99574eb28"
"AlvaroLVillarroel","2021-05-28T16:33:34Z",65,50,15,"163c154e6ebda746f58b5d3d97e4274bf95842f2"
"davidpintollorente","2021-05-27T21:45:32Z",164,164,0,"57a9173fdbcde2bf96e02c61e74db0e7b37f7a74"
"davidpintollorente","2021-05-27T21:43:16Z",164,0,164,"71c57b0b7764e6c7105d43b94932c2dcac243467"
"davidpintollorente","2021-05-27T21:41:31Z",164,164,0,"c6e02f4743b8e41e187182f4e95c50fcb9dfd44b"
"tobiaskos","2021-05-26T17:19:27Z",100,100,0,"0c4e9018c3c6617658cd6481f0264cfa3a6c0872"
"AlvaroLVillarroel","2021-05-26T16:33:33Z",54,43,11,"63a67bfa7d8ee6e104c17b248ca68926cd79d253"
"JavierLerinAlonso","2021-05-26T15:09:08Z",43,43,0,"16a146f9433b6bf40afb2a2fd30b5e958f989c1c"
"JavierLerinAlonso","2021-05-26T15:08:32Z",126,126,0,"406dad797b875e6ca6d70f5d27788555933eb76f"
"JavierLerinAlonso","2021-05-26T15:07:14Z",139,139,0,"39156106ebeb8fa05ef91b79c9bd1247f60355fa"
"tobiaskos","2021-05-25T17:28:03Z",4,2,2,"d4ae53f32b3106dc29d656e56b14734b99f92511"
"AlvaroLVillarroel","2021-05-25T16:56:11Z",126,126,0,"dfa59bd5f7ef4d93dc93b939361e3073d7b607b7"
"AlvaroLVillarroel","2021-05-25T16:54:05Z",182,182,0,"13c063b34ff5cc6bc6fc25684adbc84b9fc6f853"
"davidpintollorente","2021-05-23T20:32:26Z",20,10,10,"05d188412b31f41b08e1969bc38b00c7a30eb69b"
"davidpintollorente","2021-05-23T20:26:38Z",13,6,7,"1f1316a11e41ee865f4b36058b71174f7738bf30"
"davidpintollorente","2021-05-23T20:25:24Z",25,17,8,"40a23e13112e2a11bff47e3668d79b9615c12cb9"
"dinner123","2021-05-22T17:13:38Z",2,1,1,"da5a0526796d2c0deaec2e67e05b263f8174b1ec"
"davidpintollorente","2021-05-20T19:51:41Z",19,10,9,"af1d773843d82073eb5e77759abe0a6363c40bc6"
"davidpintollorente","2021-05-20T19:51:03Z",14,8,6,"15b128451b74c489d2bf25f94635b6aaedb90e39"
"davidpintollorente","2021-05-18T16:21:01Z",73,73,0,"e1be15438fc714a442af8802015184d4f3ea4e69"
"davidpintollorente","2021-05-18T16:19:47Z",7,7,0,"1a272f2ae612ec43cd013e400d7b26b7797aedc6"
"davidpintollorente","2021-05-18T15:49:49Z",62,62,0,"5ea7814daf23ad239bf21b88c9af26778e9997f5"
"AlvaroLVillarroel","2021-05-18T11:00:59Z",19,10,9,"17048e25f8daf8ad9bbbd13c0cc3f00d132f31d4"
"AlvaroLVillarroel","2021-05-18T10:32:43Z",0,0,0,"f702f82561f1adee3b107906c4ca2bd19f91f645"
"JavierLerinAlonso","2021-05-17T21:29:03Z",0,0,0,"45dc09c83695c6f0959efcf8150df25e15024083"
"JavierLerinAlonso","2021-05-17T21:27:56Z",71,71,0,"4c9604738429bd6a0a539fb010d804e2f1b12f32"
"JavierLerinAlonso","2021-05-17T21:25:02Z",0,0,0,"460521d08f61cd9650b680114afd73851d459652"
"JavierLerinAlonso","2021-05-17T21:24:05Z",71,71,0,"9f1d2bb22aa3cb24d59bfc5f69f5c81a52d03378"
"JavierLerinAlonso","2021-05-17T21:22:44Z",71,0,71,"dd828c5ee5325a106edf0b5fcd2ac11635c7819a"
"JavierLerinAlonso","2021-05-17T21:21:55Z",71,71,0,"ff124d2cf92cf6e1f6d7d9a95eb4240c3b54c0fa"
"JavierLerinAlonso","2021-05-17T21:08:48Z",0,0,0,"c53036ec33a6018a9bd87e05406c6c658eb9f8c3"
"JavierLerinAlonso","2021-05-17T21:08:10Z",16,16,0,"b86b968a8b726e1ff153bb9195296a617ab8d056"
"JavierLerinAlonso","2021-05-17T21:06:24Z",16,0,16,"60ace4b52ba2e8faf2d38ff4d135e2320750f183"
"JavierLerinAlonso","2021-05-17T21:03:58Z",16,16,0,"eb0a32821ce6a7d23050d29f424e74328fdc1c63"
"JavierLerinAlonso","2021-05-17T20:59:58Z",0,0,0,"6b2da394f24c506e8827db0b02306a9630ed10d7"
"JavierLerinAlonso","2021-05-17T20:59:01Z",43,43,0,"86644ec5c64350a1dc7a65b378ee28870f267b79"
"JavierLerinAlonso","2021-05-17T20:25:55Z",30,30,0,"34b9d791e178b05e87343c67d0c9135210d4d918"
"JavierLerinAlonso","2021-05-17T20:25:04Z",24,24,0,"74839d0a3082d5d6f4f3dd4908f1b80434801935"
"JavierLerinAlonso","2021-05-17T20:16:58Z",27,13,14,"ebb9b3c9844e8117f089f9212739ffe56093f703"
"JavierLerinAlonso","2021-05-17T20:00:01Z",6,3,3,"15e716a5f3e6a29b90c575d70d648a74c59bb5cb"
"JavierLerinAlonso","2021-05-17T19:53:53Z",1,1,0,"87215f9bbec3232722d2083280858701c8bf698e"
"davidpintollorente","2021-05-12T10:27:27Z",54,54,0,"54f61d6c07d57a7f61b4526a9f9fb12262bda641"
"dinner123","2021-05-07T17:58:11Z",2,1,1,"52cd64c82244732e06f2f3fc42e18dbd0d81bf3f"
"tobiaskos","2021-05-07T16:55:55Z",41,41,0,"2d4febf9ead122376e62c1f3986feccf8086aa58"
"tobiaskos","2021-05-07T16:54:25Z",0,0,0,"35fab74c5e3466f0043af6cdbc0c34b74a539ca8"
"tobiaskos","2021-05-07T16:52:03Z",1,0,1,"b43d079b0d8d2f19f30211a90face34b263d419c"
"tobiaskos","2021-05-07T16:51:40Z",1,1,0,"e4eec28544bb6178bb56399e44d21454a17362c0"
"davidpintollorente","2021-05-06T12:47:06Z",71,71,0,"9cb17e380f76fe5e7610e78f8656bd4602750833"
"davidpintollorente","2021-05-05T22:29:53Z",16,16,0,"a5bd098f483d291e7ff2d7d9498a04d34320b423"
"davidpintollorente","2021-05-05T22:18:04Z",43,43,0,"395c9ca105a587a3b58953ecb98fba0ce9e4011d"
"davidpintollorente","2021-05-05T22:17:38Z",43,0,43,"1255f7439efd801ea0589f756e244b77a9b0a8d1"
"davidpintollorente","2021-05-05T22:16:04Z",43,43,0,"7c71b5203c74fe93766b338e1cfcd0c669813852"
"AlvaroLVillarroel","2021-05-03T18:31:35Z",0,0,0,"e23e23fb6b97e2222f76b698da1520a46213f488"
"AlvaroLVillarroel","2021-05-03T17:47:42Z",8,4,4,"9e407e26c2e62def40df9c54f949d4e468e9a60d"
"AlvaroLVillarroel","2021-05-03T17:44:05Z",21,21,0,"56dc4678a9e161ebed0c153bef3f2b8f51bdb8d6"
"JavierLerinAlonso","2021-05-03T15:25:44Z",6,3,3,"a921859929fd422e1001e95c4b8feb8d3809a202"
"JavierLerinAlonso","2021-05-03T15:11:24Z",0,0,0,"b5bf7b92b9016ceeb873cc89024b94157eb42773"
"tobiaskos","2021-05-03T15:10:43Z",64,0,64,"839ba25c56a156d46e55d350e1bdae4cc0965fa4"
"davidpintollorente","2021-05-03T15:10:09Z",0,0,0,"c036a12b4aa1af0f7460ca644526cd6a7095c4d4"
"AlvaroLVillarroel","2021-05-03T12:37:17Z",30,15,15,"eb768a7f9ec5a569548cdad6c54f9073f30e0933"
"AlvaroLVillarroel","2021-05-03T12:29:15Z",36,18,18,"a85517ae68c11a2ff533ff231008e506b370af3c"
"JavierLerinAlonso","2021-05-03T12:08:08Z",18,9,9,"8bd0d8c3894ef736d56a859cc8a2b1090f16bb04"
"JavierLerinAlonso","2021-05-02T19:30:04Z",2,2,0,"0c425d80d69bad792121b978188c3f64c14eb90d"
"JavierLerinAlonso","2021-05-02T19:29:40Z",13,7,6,"e77c8e70fca5c48c370e594ed2f0401b81b750e9"
"JavierLerinAlonso","2021-05-02T19:28:41Z",8,4,4,"0acbb7deb6fc1b6dd1888bc4c958b7e58b5456f3"
"JavierLerinAlonso","2021-05-02T19:28:04Z",1,1,0,"a5676acb3fc5602dd11ecede92a5efb954cec23f"
"JavierLerinAlonso","2021-05-02T19:27:49Z",2,1,1,"a4d1372113e4a4d2df50c2b6d2a14406fb4bafe5"
"JavierLerinAlonso","2021-05-02T19:22:38Z",24,12,12,"5e9f143b90e6e1c1351407e1a52394eca3bc2c3b"
"JavierLerinAlonso","2021-05-02T19:21:29Z",51,24,27,"54d0a77dc69397c0e0438e130f3d31591f02cba8"
"JavierLerinAlonso","2021-05-02T19:17:59Z",20,10,10,"e9e94236b89ed306cce907a220e62ddc6bc4ab87"
"JavierLerinAlonso","2021-05-02T19:16:44Z",1,0,1,"6a32cf4cce2f984dc50647371c6a28d043950070"
"JavierLerinAlonso","2021-05-02T19:16:09Z",11,11,0,"b609079246d776b155d318a68b46d490f7d4dd76"
"JavierLerinAlonso","2021-05-02T19:14:35Z",65,64,1,"efefc02133a6242341dda55f4e0f24e394193c14"
"JavierLerinAlonso","2021-05-02T19:14:25Z",1,1,0,"dd4703281ac538b416b470fe45028d18cf8e3146"
"JavierLerinAlonso","2021-05-02T19:05:24Z",2,1,1,"adbaf48a149c10e8b45443f8826aa2bb0000c927"
"JavierLerinAlonso","2021-05-02T19:04:42Z",1,1,0,"2308a7863c7b679880f97639ef3a676aa2b38f24"
"JavierLerinAlonso","2021-05-02T19:03:01Z",2,1,1,"8ff4e3fb3dd33a22a3326b4a8c78d99f16f43166"
"JavierLerinAlonso","2021-05-02T19:02:33Z",2,1,1,"c1cc909d8fdcd7f518d25fd47042369e642b9ab5"
"JavierLerinAlonso","2021-05-02T19:01:49Z",2,1,1,"67f8b90f5b4b4ab55b97762b71bf41a16009f01e"
"JavierLerinAlonso","2021-05-02T19:00:32Z",6,3,3,"c6225375a143a5e19feca2338c3d5dcb68515454"
"JavierLerinAlonso","2021-05-02T19:00:15Z",6,3,3,"5e315a951f441962c2f2eb63fdca8ee43455fdac"
"JavierLerinAlonso","2021-05-02T19:00:01Z",7,3,4,"810b105937460607821f1b9d0d125f3114606133"
"JavierLerinAlonso","2021-05-02T18:59:35Z",2,1,1,"7f32dd3efd3d0fb9f3b0b6b4435ce7b112154588"
"JavierLerinAlonso","2021-05-02T18:58:01Z",52,26,26,"2c78b0215726caffeed6aec34958700cfebb32c4"
"JavierLerinAlonso","2021-05-02T18:56:02Z",6,3,3,"5ef8a0a89fb94cebf65c5416d9002115f51387f8"
"JavierLerinAlonso","2021-05-02T18:53:58Z",24,24,0,"a2beacbdbfb810af08c5b9822b17c59845e86f25"
"JavierLerinAlonso","2021-05-02T17:39:50Z",4,2,2,"98d9ea659a90f303e59538871965d15507d926c7"
"davidpintollorente","2021-05-02T17:33:41Z",16,13,3,"5730e69188654cac0fdb8601caaf1257c020edac"
"JavierLerinAlonso","2021-05-01T16:32:54Z",12,6,6,"804cd0e6fd688573e1cf65f052b3d145ad622125"
"JavierLerinAlonso","2021-05-01T16:31:41Z",2,1,1,"8314e65d9ed129559deac914fd17de1b9fd94b49"
"JavierLerinAlonso","2021-05-01T16:12:51Z",0,0,0,"4ce541fbbdc706e90b7dc10aa09aac071c2599c1"
"JavierLerinAlonso","2021-05-01T16:04:50Z",2,1,1,"e0f3ed48aa7dc35159b38bff4d4ea692e93497d8"
"JavierLerinAlonso","2021-05-01T16:04:04Z",15,14,1,"cb981c1f6d05191554d128c31427ece76af162a3"
"davidpintollorente","2021-04-30T20:28:17Z",2,1,1,"b796947c443220dcdcc08570531ba6ef3df5013c"
"davidpintollorente","2021-04-30T20:26:32Z",11,11,0,"954ce29007736fd530aba2331090389defa4d626"
"davidpintollorente","2021-04-27T15:28:07Z",0,0,0,"b5ea1a954412804d7d28474c838f242bd3f7b1b9"
"davidpintollorente","2021-04-27T15:18:10Z",6,3,3,"46ab622c91722b61ccc81cf9720c8f4e3e3d1e5f"
"davidpintollorente","2021-04-27T15:17:42Z",6,3,3,"71a4585a738287120a35b352424378b1a744b0d7"
"davidpintollorente","2021-04-27T15:17:11Z",6,6,0,"b30de40f47e492717f0f5e8c337666c014880110"
"davidpintollorente","2021-04-20T13:20:17Z",0,0,0,"629b6c1eaab00dfd1a919de802e9b7fe217d968c"
"AlvaroLVillarroel","2021-03-29T17:41:54Z",26,13,13,"97b62c2915c0ee00c0563e4791e65943346dab01"
"AlvaroLVillarroel","2021-03-29T17:32:11Z",6,6,0,"f3c27ca9aab355612136793d03744696bcf4deb8"
"AlvaroLVillarroel","2021-03-29T17:30:57Z",29,17,12,"071261cac54dd91fb1917d956b8f6a4fdc78f78d"
"davidpintollorente","2021-03-29T16:49:09Z",5,5,0,"7cafc62eb34cdcf2f0977d23f37432edb5c00e30"
"AlvaroLVillarroel","2021-03-29T16:48:17Z",8,2,6,"4acf2ad98cddf29b99c410c3bff47f0f6606b6b0"
"davidpintollorente","2021-03-29T16:46:25Z",6,6,0,"706bba98f755ab631e6bf4f529c98152cd5443ac"
"tobiaskos","2021-03-29T16:40:09Z",15,5,10,"74c0780640d87bef09afe407e8a489c311f705f2"
"tobiaskos","2021-03-29T16:39:11Z",2,1,1,"17f042d0e3f900cca44ae26e55e9426d2abb45b8"
"tobiaskos","2021-03-29T16:38:43Z",5,5,0,"bb304532242be357fc5b0eaf19219054bc9f40cb"
"tobiaskos","2021-03-29T16:38:13Z",5,5,0,"6c699118d55ab314541f81092bc5992454c68da4"
"davidpintollorente","2021-03-29T15:47:30Z",2,1,1,"8163e34368302728a1b2da31494d926a87922d66"
"davidpintollorente","2021-03-29T15:36:33Z",15,8,7,"3d4ccd58debc798ada43e27b0dfff5c5f8ae61d0"
"tobiaskos","2021-03-29T15:11:48Z",14,5,9,"ec192528babb60e3bfe5402688d94b4fb3c58b88"
"tobiaskos","2021-03-29T15:10:51Z",5,5,0,"76a0a3906a1b6ed478a0206e9039713a8595c400"
"tobiaskos","2021-03-29T15:09:59Z",9,8,1,"d1999ff5722ab162c1993fe94700c9ba3e531bff"
"JavierLerinAlonso","2021-03-10T21:45:54Z",14,9,5,"5779a0ede448628bee9af4185e5a379ee5ba97e7"
"tobiaskos","2021-03-10T21:45:35Z",10,5,5,"605a48323c00ff174da9d8d2b9c6a84fb2ffffff"
"JavierLerinAlonso","2021-03-10T21:45:15Z",14,5,9,"88f377838467c0f14a3447dca1b43ec7e1e2d41e"
"tobiaskos","2021-03-10T21:44:26Z",6,5,1,"ffb55156f4f6784d3850d6cad7ab425dc2a4d8ba"
"tobiaskos","2021-03-10T21:44:00Z",2,1,1,"d7e40160fd2f464851c25b6c63c875a6280d3668"
"JavierLerinAlonso","2021-03-10T21:43:16Z",8,7,1,"9fbbeffd69c75cce8460067fe7935035cddecaad"
"tobiaskos","2021-03-10T21:42:09Z",3,2,1,"939289ac26859fbb7091b0cbf5e5e292b7e28123"
"tobiaskos","2021-03-10T21:31:52Z",2,1,1,"8cdaee32aeaf9723f28154bf9ac0d31b67d1de65"
"tobiaskos","2021-03-10T21:16:43Z",2,1,1,"854ef094a524c567e9c73684e7d12dbbb0d5d623"
"tobiaskos","2021-03-10T21:16:29Z",2,1,1,"7c822f079e0ae4fff271114528837fa20c5660e3"
"github-classroom[bot]","2021-03-10T20:06:31Z",737,737,0,"287fd1ef1e5cff7bb9b3b551bb6a3e95a5aacc28"
