"name","date","total","additions","deletions","sha"
"lucia-phermosa","2021-05-28T07:24:17Z",24,12,12,"c2c46ce4ce6e1d623ac6d3259ee734fa3a76e96d"
"lucia-phermosa","2021-05-27T21:55:46Z",41,21,20,"0a62e7ff58221a074ca20e8675582f7165724700"
"lucia-phermosa","2021-05-27T21:50:49Z",168,84,84,"6fe888d2c61d6a3f2b1cfa4f3d073f102c5a6d1f"
"Iris281","2021-05-27T21:44:19Z",2,1,1,"ab40d01a778d91ad320129cd2fc3063c3a6aab0e"
"lucia-phermosa","2021-05-27T21:24:28Z",2,1,1,"3917389249b465bfb03601ceb552816d003149d3"
"lucia-phermosa","2021-05-27T21:19:39Z",10,5,5,"78945917c8f64552471d853358fb9c5e937bac2d"
"lucia-phermosa","2021-05-27T21:10:16Z",2,1,1,"cc208c1a7bb73e033796a3bfda175d726711e21e"
"Iris281","2021-05-27T18:52:47Z",4,4,0,"f0f9395385929f99a50ce4bf2f5a537bd3614ee0"
"lucia-phermosa","2021-05-26T18:57:45Z",10,2,8,"294ed0e8c103e0481d4237f5af64ed3d871c19b4"
"Gabriel-Rpascual","2021-05-26T18:38:08Z",388,199,189,"4bdaa332015c3e0dd5c2af7abd125ef04a53fccf"
"eduardo-luque","2021-05-26T18:27:46Z",1,0,1,"25869831c9e3d5a915b9e4186eb043ff20c4b0ab"
"eduardo-luque","2021-05-26T18:27:02Z",1,1,0,"abb612ccf732d514f37611f98b5704855e7e2b6d"
"Gabriel-Rpascual","2021-05-26T18:24:26Z",2,2,0,"63a69db4330baaed0f6eb3c3eabb186870d7b19e"
"eduardo-luque","2021-05-26T18:21:16Z",6,4,2,"cbe0f5f8c66dbdfc04b17e17006e68d6243497c4"
"eduardo-luque","2021-05-26T18:02:29Z",1,0,1,"7882f01f22ec4ff7919128f28ff415bb9127d9b4"
"eduardo-luque","2021-05-26T17:59:36Z",2,1,1,"22aa83fc9443d6b3ba7cd07a2eb6aaf60600d913"
"eduardo-luque","2021-05-26T17:58:13Z",1,1,0,"83c2be3923d70c7697b5e57764484017f21ecf5e"
"eduardo-luque","2021-05-26T17:57:00Z",1,0,1,"5f9eed5f5675c915be35ca290e6ca5dc2e719f72"
"eduardo-luque","2021-05-26T17:53:45Z",12,10,2,"1bb5429f9b6e1adb7ad44a40424a2dab83dee55a"
"eduardo-luque","2021-05-26T17:50:01Z",3,3,0,"b89562ef1403dffc0fd8b797c852235614f71d48"
"eduardo-luque","2021-05-26T17:49:31Z",116,115,1,"97d38cfda436bc14e80bab6119e63166f864bde9"
"eduardo-luque","2021-05-26T17:44:04Z",39,39,0,"95c8ec46eee5a28c45701b06580eebcb94699304"
"JaviNico","2021-05-26T17:42:40Z",2,1,1,"f9595a4a688e4ea3c27e4a179c0fe8e94a88aadd"
"JaviNico","2021-05-26T17:42:07Z",4,2,2,"bde7bb311e825eab5403f5ff0dd4319e537c6b4a"
"JaviNico","2021-05-26T17:41:10Z",0,0,0,"c66bf3ecd7f6dc878ab6fdeecd1b3b3a5f3312cc"
"JaviNico","2021-05-26T17:40:44Z",31,0,31,"ce11dbc4a00fc40907ed8bcedb3b15d3e9c5fb57"
"JaviNico","2021-05-26T17:40:03Z",40,40,0,"b17ca754beb75b1ae36fb4470f82cc3fd23b66b9"
"JaviNico","2021-05-26T17:39:09Z",31,31,0,"d0dc8e651a2a67d35ce784cb708a3b1020cfd4a2"
"Gabriel-Rpascual","2021-05-26T06:39:46Z",58,41,17,"c9191d243a3a06007602023d48b09715ae785302"
"lucia-phermosa","2021-05-25T08:02:41Z",2,1,1,"2237129c17022575061e126de6dba01b3a7604fa"
"lucia-phermosa","2021-05-25T07:55:29Z",158,146,12,"06383f7607f9d6532981bdbc769d307721746147"
"eduardo-luque","2021-05-24T22:12:45Z",2,1,1,"f501cf2e33c3701707f88b026b8d7c3a2f161bbe"
"eduardo-luque","2021-05-24T22:11:40Z",16,16,0,"16aa13bf0ecf56f8ef9218c42c6498393432070d"
"ismael45","2021-05-23T14:53:05Z",0,0,0,"d9efca5853c69455399013c78325b25370c0cce0"
"ismael45","2021-05-23T14:52:31Z",0,0,0,"9edae494c38a5d6bf05f768701cbaf60f497c747"
"eduardo-luque","2021-05-23T10:39:45Z",1,0,1,"342445a93b63729269e64af324c5ecf5f2b9ad61"
"JaviNico","2021-05-23T10:34:06Z",2,1,1,"f6ef53d9a5936b82eacda01a0f22acc23772c517"
"JaviNico","2021-05-23T10:33:56Z",2,1,1,"a6c1f27a3aeea6cc58544b9d7ed08b49db8a3c9e"
"JaviNico","2021-05-23T10:32:54Z",2,1,1,"bb85980df8dd58d13e0c3cef333d68d2e640534c"
"eduardo-luque","2021-05-23T10:31:59Z",19,18,1,"20822c1759aee22284e6f36b72b52664d7093ce3"
"JaviNico","2021-05-23T10:21:37Z",0,0,0,"343af5db5133eebfd4a36e67037074f17cc4a954"
"JaviNico","2021-05-23T10:20:29Z",0,0,0,"52991265424ae42161fef145488742a1663635f4"
"JaviNico","2021-05-23T10:04:42Z",0,0,0,"60ab2b483611a9b1fc9067c2643343a8e905c2ae"
"Gabriel-Rpascual","2021-05-23T10:03:20Z",0,0,0,"fade5e871469a2edeb8b1d8c5cefec350446a7f8"
"Gabriel-Rpascual","2021-05-23T10:02:03Z",0,0,0,"9f79dd94105a92d928b68f2f90db8aef22d4e6dc"
"Gabriel-Rpascual","2021-05-23T10:00:30Z",139,0,139,"410af95d9c1e1f6d8743d85ff8544c2f59b915ea"
"Gabriel-Rpascual","2021-05-23T10:00:23Z",43,0,43,"4a6e20c7975db269f33b07599a1ff833fd1de4dd"
"Gabriel-Rpascual","2021-05-23T10:00:02Z",153,0,153,"4bb53741e9b451f60ebdca716952171880cabc24"
"lucia-phermosa","2021-05-23T09:55:17Z",2,1,1,"c4a4e6d3cb89fd9518ceae8b62b856834688640a"
"ismael45","2021-05-23T09:55:01Z",148,0,148,"d4fedd66e11aeb6de40793b0734cda5607f4c726"
"JaviNico","2021-05-23T09:48:51Z",23,0,23,"3dbe5b57becd88359392b457d364dabbf4494d55"
"JaviNico","2021-05-23T09:47:33Z",37,37,0,"d0b5558740c0786594a71cc543dc53326110bb67"
"Gabriel-Rpascual","2021-05-23T09:43:55Z",235,179,56,"5c0e1911e0dddddce8ec781ad2d3dfe78b1eec8c"
"lucia-phermosa","2021-05-21T08:20:14Z",108,66,42,"084ab580b4ec01e945c84e6ad36a0ec1d7e56ef6"
"Gabriel-Rpascual","2021-05-20T18:52:31Z",48,24,24,"1e5885037ff150c17164c9ddf18ebdc60fcb2196"
"Gabriel-Rpascual","2021-05-20T18:51:46Z",361,361,0,"f7a90d872b7cd6140589d5f6d8ef705c0e85d7bd"
"lucia-phermosa","2021-05-18T16:05:34Z",91,55,36,"dc6f1d9176b7c7705b714e63acd129c6d69863c1"
"lucia-phermosa","2021-05-18T12:23:58Z",4,3,1,"832a4f9dac731970758108a2c3865a8195c852ba"
"lucia-phermosa","2021-05-18T12:13:28Z",16,8,8,"8411d0598f86a34c054d92a3c46950d5146c5abd"
"lucia-phermosa","2021-05-17T18:46:01Z",148,123,25,"f4f0165be53ca1d04b688b37580d57453b3bb554"
"Iris281","2021-05-17T11:15:18Z",1,0,1,"5116322e8c9a244939fb5a3f14f8999129e35e6f"
"Iris281","2021-05-17T11:09:29Z",2,1,1,"5665cc298bbea0ca9d221bc9e6172a227fc4ea33"
"Iris281","2021-05-17T11:03:04Z",7,4,3,"5b97db824d3b570f468aab118db568972bb08d99"
"lucia-phermosa","2021-05-17T07:35:54Z",32,14,18,"eb1eb37390325d6c86c5d14e86fe68c023f523a3"
"lucia-phermosa","2021-05-16T10:56:06Z",6,5,1,"141bf45c6c456f8dfa627ea8ba1409810e660813"
"lucia-phermosa","2021-05-16T10:43:54Z",8,4,4,"12471723d118038d008f9af401004343b9855047"
"eduardo-luque","2021-05-16T09:56:09Z",4,4,0,"e22e656fb0036c63ec386e05ad41903cba67c639"
"lucia-phermosa","2021-05-15T17:34:38Z",8,6,2,"67ca8931c3d9f0cb54b51ba2dc85cdb5c3c1b7f5"
"lucia-phermosa","2021-05-15T09:56:17Z",4,2,2,"8ce1d254588951d80d98f3f334f1eabe0a517d10"
"ismael45","2021-05-13T19:04:57Z",69,0,69,"3916dad075d01fe3ef82cc7a4cf8b21f6b6c9e17"
"ismael45","2021-05-13T19:04:34Z",0,0,0,"a1170f9b2789c9c42b1216b05b97868821b47197"
"ismael45","2021-05-13T18:57:34Z",69,35,34,"6ae5f53586fd7dbf2bf42a4b60dd9ea24adf3be2"
"ismael45","2021-05-13T18:36:12Z",45,23,22,"5a40eac941f313ebae04cf36a7e572ea4c299472"
"ismael45","2021-05-13T12:05:32Z",2,1,1,"00227b219cddf1c448b5bfc663362dc9c3c04a9d"
"ismael45","2021-05-13T12:02:53Z",19,10,9,"5173c5ebf8a0ebfbd81c7ca2054d4e942bb50fe2"
"ismael45","2021-05-13T11:59:48Z",28,14,14,"546023803663cb600d39cff546e52f2ffeba040d"
"ismael45","2021-05-13T10:01:27Z",73,61,12,"425ccb8fd78d24ce5fda17e73ba158892508ddf6"
"ismael45","2021-05-13T07:44:31Z",2,1,1,"7bae16887bf096ce63d3f40b83fdf1f6d4d7087a"
"lucia-phermosa","2021-05-13T07:07:12Z",41,0,41,"ec7aafd52262324bf38ed9ef40843c1d5f759c24"
"ismael45","2021-05-12T22:35:53Z",56,40,16,"072aabeab9ec21492ed864d14c9af473b1af48ee"
"Iris281","2021-05-11T19:26:16Z",245,143,102,"d70427731e5215b3998b16ff64e524d86eed27f7"
"ismael45","2021-05-11T19:00:27Z",40,2,38,"811287409d567e6ef5952d4edca8494f05f7bfb9"
"ismael45","2021-05-11T18:32:51Z",28,12,16,"2783cb796fb365a2d8d5adc60ab6733f2c0fa7e6"
"Gabriel-Rpascual","2021-05-11T17:32:45Z",0,0,0,"a16ba5acab960e3d9b8577bd73b111d9a7823cb4"
"ismael45","2021-05-11T16:51:59Z",26,14,12,"7d74e1647c5acd99cfc17dd25b5cdd6dd11e660d"
"ismael45","2021-05-11T16:36:46Z",110,110,0,"9d65aa7c3fd04243644fb213cc77bdeaabad9bfd"
"ismael45","2021-05-11T11:13:44Z",21,10,11,"85cdc3f6f8142e6f4360015fda669266d7f867fc"
"ismael45","2021-05-11T10:34:08Z",24,4,20,"7e60e89cb1f3e950fd086274fa95af193eddd77f"
"ismael45","2021-05-11T10:20:02Z",100,74,26,"a11f714559ac4ced05029bd9a368dc48dd917def"
"lucia-phermosa","2021-05-11T08:11:23Z",2,1,1,"73fc7b079a4424c19f88138c27d1a139a5c314b6"
"lucia-phermosa","2021-05-11T08:10:10Z",2,1,1,"13b7a1f923d0de767622d067042fdfecd58276aa"
"lucia-phermosa","2021-05-11T08:08:52Z",6,3,3,"51890a10272feadad264b3225bc5327e81da9a95"
"lucia-phermosa","2021-05-10T09:07:09Z",4,2,2,"919c6c4f31598aacc023dbe65a9f297360f85805"
"lucia-phermosa","2021-05-10T09:06:28Z",139,125,14,"471745e414ceb487ebbd110ae344155c74029e74"
"lucia-phermosa","2021-05-09T15:24:21Z",47,47,0,"57c5d5bcb07357757970b0041b3ea20b7e90b54e"
"Gabriel-Rpascual","2021-05-05T19:32:33Z",13,0,13,"c4f97bccc646e968294f8c78bd441d460ea7420b"
"Gabriel-Rpascual","2021-05-05T19:32:23Z",31,0,31,"2394162fe6e9da423045dbb701e47f94e6b5b14b"
"Gabriel-Rpascual","2021-05-05T19:31:59Z",2,0,2,"0aeae7c859fad0fb40d67cd7a88ff3b4672a84b6"
"Gabriel-Rpascual","2021-05-05T19:31:30Z",151,0,151,"59451c7f04c0cd7982531d3653038d65817c3139"
"Gabriel-Rpascual","2021-05-05T19:31:24Z",30,0,30,"4f420ce27a8c8c29a2cc00a358485f47c882d115"
"Gabriel-Rpascual","2021-05-05T19:31:15Z",4,0,4,"898d56d086f09db0dea1a44d2039909075d39b70"
"Gabriel-Rpascual","2021-05-05T19:29:37Z",0,0,0,"0ec30f12fbf0a9205282880608e13941ee8a2247"
"Gabriel-Rpascual","2021-05-05T19:29:27Z",0,0,0,"c63501855e6621895f643910febdaf074782d538"
"Gabriel-Rpascual","2021-05-05T19:29:19Z",0,0,0,"9c03593d5274fd6f59e99b73b3f9b4e6383deb4b"
"Gabriel-Rpascual","2021-05-05T19:29:03Z",5,2,3,"8e7f125b1126495deb3714ab87238cb9c52d8a09"
"Gabriel-Rpascual","2021-05-05T19:05:31Z",2,1,1,"68fb1034b3cc68b28dcbeaf2646fab3ad52ca9d4"
"Gabriel-Rpascual","2021-05-05T18:27:43Z",49,26,23,"28fc603feed56ba61fea7f2fa9dad579101eddd6"
"Gabriel-Rpascual","2021-05-05T18:17:09Z",3,3,0,"88428521687a8f10dfdc1cac6764fc796ec222d0"
"lucia-phermosa","2021-05-04T10:00:57Z",3,3,0,"ce1ad3cc488dadaa7b0f467ee6f331a6f7516c48"
"Gabriel-Rpascual","2021-05-03T21:33:24Z",55,0,55,"74144fb44e48152b29d753c56978a1fe706cb6a4"
"Gabriel-Rpascual","2021-05-03T21:33:01Z",54,54,0,"fb9aaf8bd9b483a52430ee8ba4c03126ba2b4e43"
"Gabriel-Rpascual","2021-05-03T21:32:05Z",563,563,0,"8d219fbe6b83c59f3e9ae56a0270d153c863403f"
"Iris281","2021-05-02T17:02:25Z",138,117,21,"cfd212cd4f74a094b53b976c622054f5b786a284"
"eduardo-luque","2021-05-02T11:50:35Z",10,6,4,"14ee3f48a35e968e9531be4940b161d2cb2f974a"
"JaviNico","2021-05-02T11:30:40Z",0,0,0,"a9d8038bbb212c468577b0347557f52b467837db"
"Gabriel-Rpascual","2021-05-02T11:28:01Z",0,0,0,"c993826b70698af4b8b98067fbe6eaa6f0421390"
"Gabriel-Rpascual","2021-05-02T11:27:36Z",0,0,0,"d2bbc60bab78ded64caf708ab5121333775fa4b2"
"JaviNico","2021-05-02T11:25:34Z",23,23,0,"98275cbee6fdec1cade87b82c59d52be0d19e915"
"ismael45","2021-05-02T11:15:44Z",6,3,3,"9c1957298c5d0c48ca74161718bfe1797eb1e30b"
"eduardo-luque","2021-05-02T11:12:18Z",64,50,14,"c2c1840f08da80bf08ec2633486170e6aca1b867"
"ismael45","2021-05-02T11:11:43Z",0,0,0,"78f98901fd269d8f8498be9c60945effaa3a8189"
"ismael45","2021-05-02T11:11:13Z",38,38,0,"4704b3ecac86f1214ea02c918b273de048a3b08f"
"Gabriel-Rpascual","2021-05-02T10:52:19Z",55,55,0,"682b9eb1f974d0850299332980999a11f16f4668"
"eduardo-luque","2021-05-02T10:50:43Z",32,25,7,"d023716bde6e3d10422984eef74b000650a1add5"
"eduardo-luque","2021-05-02T10:32:05Z",16,8,8,"d35fcef0457bd5948060e0a86498908cc49998b2"
"Iris281","2021-05-02T10:29:02Z",30,27,3,"0a86420d0d49b56d6a0bf134716799da495b576f"
"eduardo-luque","2021-05-02T10:17:16Z",6,3,3,"ffca2093ba4c27acb6a6305dc930c1ea89c69d40"
"eduardo-luque","2021-05-02T10:10:41Z",5,5,0,"077ff759190a6e6b59380044265a40bb00b337dc"
"eduardo-luque","2021-05-02T10:06:48Z",20,17,3,"78cfdf0b7127c185af062fcb5d606998e7d6460d"
"eduardo-luque","2021-05-02T09:52:47Z",14,14,0,"d7accb667d63943cad31682b878bdb8fa63328fb"
"lucia-phermosa","2021-04-30T17:15:50Z",4,2,2,"8102b1a64b9d4191722fef0e12dc57105aa78823"
"lucia-phermosa","2021-04-30T17:13:51Z",6,3,3,"ff3bdb011baaa86d78872c7e85f89b2cfac8c078"
"lucia-phermosa","2021-04-30T09:39:11Z",6,3,3,"9e0cbec8dbd87d3618a8bdc1641fc734af24a931"
"lucia-phermosa","2021-04-30T09:26:07Z",42,23,19,"be89d3e8c76cea7a5abf84550812518f73a70d9b"
"Iris281","2021-04-26T17:58:35Z",4,2,2,"c1d7048357405f542833dff34f11a28186eb179f"
"Iris281","2021-04-26T17:44:43Z",22,12,10,"6353eae10e816440d0cbd9de1a1ac89df1166fee"
"Iris281","2021-04-26T12:28:44Z",91,43,48,"cbca6e7cc1ec0342815d7873c6c9911c7fcd45c0"
"lucia-phermosa","2021-04-26T08:02:23Z",2,1,1,"93a7d9d3c40146850bc998c2a396c19faf205b11"
"lucia-phermosa","2021-04-26T07:49:20Z",2,1,1,"1971390de95eee3a071a5f815d6f2d8270b4aefe"
"lucia-phermosa","2021-04-26T07:47:02Z",6,3,3,"c5400450343923856757106090c3507579c8c46f"
"lucia-phermosa","2021-04-26T07:46:10Z",2,1,1,"187314fac4cae75ff0bd65a1db716cf63e02fe7e"
"lucia-phermosa","2021-04-26T07:44:42Z",2,1,1,"334392199686a215ca8f03ac0e7b1785501d41e2"
"lucia-phermosa","2021-04-25T18:50:49Z",197,146,51,"0f03e7e8a2be947850f05c00d44e1bed3d9a77a1"
"lucia-phermosa","2021-04-25T18:00:01Z",26,16,10,"4915f13fb8d2578b5597a7b35918fa4ce1bc7ad2"
"lucia-phermosa","2021-04-25T17:55:01Z",14,7,7,"b28dfa672887fc2b8e8820c07058fa10344d9495"
"lucia-phermosa","2021-04-25T17:46:46Z",28,23,5,"262687a9540982524d4bbe70c57222162d862929"
"lucia-phermosa","2021-04-25T17:27:55Z",2,2,0,"fc9180b10bf03ca8203d1ec31614e9ae2143c419"
"eduardo-luque","2021-04-25T15:01:40Z",8,0,8,"55aac01b066ef7ed26c07dd68b8dc46153541521"
"Iris281","2021-04-25T11:06:43Z",6,3,3,"be0120a8d6410a4ddfc2b63b6d35a9cf72395d37"
"Iris281","2021-04-25T11:05:41Z",2,1,1,"1e985d4f61db206f68cbcc62ea4effc7a02553ea"
"eduardo-luque","2021-04-25T11:01:48Z",8,4,4,"0e96e74c90af07e85c9bfb5b8bb19726cc3a7a43"
"eduardo-luque","2021-04-25T10:55:51Z",8,4,4,"834c6e4aeaaa8710de6c44b6fea01747c4a29b98"
"Iris281","2021-04-25T10:47:45Z",12,10,2,"5ec5adf88712091852ea6e91be6415072e9040af"
"lucia-phermosa","2021-04-25T10:44:55Z",38,38,0,"f6e35519c54d59316a876a84537c31f044630c78"
"eduardo-luque","2021-04-25T10:38:04Z",29,19,10,"e4a5453ec64e56dee21ad7797225b85c392c2b4b"
"eduardo-luque","2021-04-25T10:26:43Z",2,0,2,"184a3f2989e7f29a3daca17d614958beab8691f6"
"eduardo-luque","2021-04-25T10:24:17Z",13,6,7,"8a64eed17d480868d009bd40123a2104835d13f7"
"eduardo-luque","2021-04-25T10:18:26Z",4,2,2,"e404153e158fbe57e15ff826142175a622281160"
"eduardo-luque","2021-04-25T10:05:29Z",2,1,1,"c658d133d9c7e62f2a64eee0b51dea6b283eaacb"
"eduardo-luque","2021-04-25T10:04:53Z",2,1,1,"dd66fec4675f8ac552a4e5244a96d1f1f4d1f462"
"eduardo-luque","2021-04-25T10:04:02Z",29,20,9,"b35561d2f94b5aaf1b84a15783159323b6b9ffe9"
"lucia-phermosa","2021-04-23T08:17:06Z",26,26,0,"a6ae076bc4edf9a2e3dce916fdbef1aaffd85131"
"Gabriel-Rpascual","2021-04-18T11:46:28Z",8,5,3,"fbedc03c7bc0e91899563e1b2c05924aa493eaf7"
"Iris281","2021-04-18T11:41:12Z",32,22,10,"91af95fb995f1f0b10a8d9be80887722d7502749"
"Gabriel-Rpascual","2021-04-18T11:40:46Z",2,2,0,"f13993254e4497d0a4e9986d71fbd32fd4f65058"
"eduardo-luque","2021-04-18T11:12:13Z",72,35,37,"f12563dbb62ace6003c6a6bef57ae5877cdb52f3"
"Iris281","2021-04-18T11:02:05Z",4,2,2,"1fedfd698b5dae45ad80d31940c9f6ab4280de95"
"eduardo-luque","2021-04-18T10:57:29Z",18,14,4,"2f54b69ae21efbc7962228b9fe3d0fb702685cf7"
"eduardo-luque","2021-04-18T10:37:18Z",1,0,1,"adbe7b282d2e9306b042b7a5c7f137e8b9f6d87a"
"eduardo-luque","2021-04-18T10:35:34Z",4,4,0,"56c69a61a0cc6466d97dd31af4616f321778f503"
"eduardo-luque","2021-04-18T10:30:57Z",17,17,0,"611ab184eccbf8ae42882606a4524fabe05232f9"
"eduardo-luque","2021-04-18T10:24:18Z",26,16,10,"dcc37d5a4cc7c1ba83fdb7d64a77d17daa7c3911"
"Iris281","2021-04-18T10:21:06Z",4,2,2,"a0ebffdbc224593aee910cca84be0d496f49529f"
"eduardo-luque","2021-04-18T10:18:38Z",2,1,1,"18d10f359236f590d75f7a6f7a3419740883a802"
"eduardo-luque","2021-04-18T10:18:21Z",11,5,6,"d9d620c832be5fdaa135bf558068edb781cc127a"
"lucia-phermosa","2021-04-18T10:14:55Z",8,7,1,"1ae7cc9293e0c4692146b8566031cf1605f8d323"
"lucia-phermosa","2021-04-18T10:09:21Z",49,47,2,"7bf2da8ae9c33cdae35b85fec36d0de3d0bed054"
"lucia-phermosa","2021-04-13T07:57:42Z",1,1,0,"f5d6edec711d786478e6dbc79ad9004ce19b641b"
"lucia-phermosa","2021-04-01T12:21:52Z",109,109,0,"e57cbaf0db20915806fefba79fc5eb1501ccece4"
"ismael45","2021-03-31T17:20:43Z",0,0,0,"58596e3843036a1e3be7e632388ffaf86fbc1db1"
"ismael45","2021-03-31T17:00:09Z",1,1,0,"08f3ab76d4ace95e9fbb09407ce2d99b887e3546"
"ismael45","2021-03-07T20:13:01Z",2,1,1,"5aa66791b98a95809e5e1f78da4527b9c0c5cb4d"
"ismael45","2021-03-07T20:12:39Z",2,1,1,"3c5971f9c375154ae413367ce928d94c7d5e467a"
"eduardo-luque","2021-03-07T18:25:15Z",2,1,1,"951f8618a5ebb7cd5277658d4b6b42618e2c803e"
"Iris281","2021-03-07T17:33:20Z",2,1,1,"d0726295b07f874ddd9a91d36200c35f7e2ec1fc"
"Iris281","2021-03-07T17:32:38Z",2,1,1,"b7b14ea8b5b0fa0b189d2ee70780968e80c79cd6"
"eduardo-luque","2021-03-07T17:22:53Z",0,0,0,"783a521f951a223b6b711bdd5eff0f7fcb5d41a9"
"eduardo-luque","2021-03-07T17:18:29Z",6,6,0,"6cb5e15038c6b77d495d3da3b87753029a9e005f"
"lucia-phermosa","2021-03-07T16:33:51Z",2,1,1,"bc2104a0c5aff83f3905eb25c91d18b3b22b24f3"
"JaviNico","2021-03-07T16:20:46Z",2,1,1,"380e06865d8a8c7c7a95c08d65210539375ea378"
"Gabriel-Rpascual","2021-03-07T16:17:06Z",2,1,1,"2f5e4dbfb457040ed09bcd583db94f0e6511a5d4"
"Gabriel-Rpascual","2021-03-07T16:16:51Z",12,6,6,"bb73b1be65a7866b909640eff3ddc81a40f02058"
"Gabriel-Rpascual","2021-03-07T15:59:48Z",2,1,1,"f21f9e6316f7d72740403229fe4441b41db370bd"
"Gabriel-Rpascual","2021-03-07T15:59:37Z",1,1,0,"b4b4e15490eac1fdc7658fdda6413814e5f23e73"
"Gabriel-Rpascual","2021-03-07T15:57:56Z",4,2,2,"433cfc6d9156ef704b3e8632d7b08c6f7feb3547"
"Gabriel-Rpascual","2021-03-07T15:57:42Z",4,2,2,"f2a9a7212985772804b48d370ceb7519427a488b"
"Gabriel-Rpascual","2021-03-07T15:57:03Z",24,12,12,"d1d37a421f889bd1ca24034413e0184dbe0947a6"
"Gabriel-Rpascual","2021-03-07T15:55:48Z",2,1,1,"248c6548e6e93b6afad5dab856d9f3fc62ebb25c"
"Gabriel-Rpascual","2021-03-07T15:54:30Z",20,16,4,"005137ffc0697ba4c54157390cc4069f8b899c92"
"github-classroom[bot]","2021-03-07T15:37:55Z",737,737,0,"ca5ce4b972ce79c19f812f24c49eda528b76564d"
