"name","date","total","additions","deletions","sha"
"listo2020","2021-05-28T21:56:12Z",6,5,1,"71d19b622d610b60fd165373eb11bc80861baaef"
"listo2020","2021-05-28T21:38:43Z",2,1,1,"143a1fbe8418587aa92f4924a01a8a7c6c09f383"
"listo2020","2021-05-28T21:33:37Z",0,0,0,"6e986673d695f6747c86b460c910a76ceef7fa6e"
"listo2020","2021-05-28T21:24:41Z",0,0,0,"e689f6e7770a522269ea25d393f41cda231ac4d2"
"listo2020","2021-05-28T21:09:58Z",23,9,14,"b87ff2dcf05e4bbd23195c2f99531b948c9b4408"
"SoyJaimeXD","2021-05-28T20:44:30Z",25,15,10,"97288d27a9892f207453e120565eb95d81b2350f"
"SoyJaimeXD","2021-05-28T20:44:20Z",0,0,0,"022a2c2f21e739073511214f623152915a073a02"
"listo2020","2021-05-28T20:32:25Z",4,2,2,"ed0242c9b98b620b9c900eae4f083e60893a799d"
"listo2020","2021-05-28T20:29:41Z",29,17,12,"6881d052774c5d6c137a1b87ea08c6caaa46571b"
"listo2020","2021-05-28T19:58:07Z",44,22,22,"e0117afffe19b53c99c194f2a4891f5ee50931a2"
"listo2020","2021-05-28T18:49:51Z",151,77,74,"fb30029b632aa38474e5f005ee08a11f6e7d6dd8"
"listo2020","2021-05-28T18:25:17Z",127,62,65,"02c48c8205861d15702c564ad7cb9a15c842aeb6"
"SoyJaimeXD","2021-05-28T18:18:49Z",0,0,0,"a5ba86c9c1da89a3105f47633e6689f85c5c313a"
"SoyJaimeXD","2021-05-28T18:07:54Z",6,3,3,"7d43a09b6135188228e9796223fb48d6541259dd"
"SoyJaimeXD","2021-05-28T18:02:10Z",26,13,13,"eb2a60395af1c12a5ce92ec9a90fa9489a016d1f"
"Edvardo87","2021-05-28T17:57:00Z",0,0,0,"52a289e4f0f66c5566553523346589cdc80f092d"
"SoyJaimeXD","2021-05-28T17:53:12Z",0,0,0,"b91f3784510fa3be98a50614a455f8ebb610532e"
"SoyJaimeXD","2021-05-28T17:53:11Z",87,45,42,"db86d21c59d9d0651b95e88264541a3820988d20"
"Edvardo87","2021-05-28T17:25:52Z",0,0,0,"dfe34763ac1a4c1d628020231350b468d3a3d79d"
"Edvardo87","2021-05-28T16:30:17Z",0,0,0,"93ead08395a92972d2bb7d4c9b05ef89c28759ef"
"SoyJaimeXD","2021-05-28T16:07:56Z",0,0,0,"1f8583a779b0cfe2637eef28dbb7ab85d92216d4"
"listo2020","2021-05-28T15:34:58Z",0,0,0,"6cde64ebf6e3dae7235daa31d5dd2219bba90f55"
"listo2020","2021-05-28T15:25:20Z",2,1,1,"9e11ab0056a39d712ba8d74c57df711bcb2567ad"
"SoyJaimeXD","2021-05-28T09:51:49Z",42,27,15,"5964c203e69a8f89862df980d23ba0b928210f04"
"Edvardo87","2021-05-25T10:02:40Z",0,0,0,"9380c06066694ab53d18d6fe82a3b12a186d1de6"
"listo2020","2021-05-21T13:05:10Z",89,42,47,"e9184e8ae24fc5c1def9e2d654b86d4d9abaa869"
"Edvardo87","2021-05-21T10:03:24Z",65,25,40,"fe27e1cf4620d4f1e3b86fc636d4a0892a99e4ed"
"listo2020","2021-05-21T09:28:19Z",169,96,73,"453112ea0857f9296da69170d7df6fa98fbb335d"
"Edvardo87","2021-05-14T21:34:14Z",833,446,387,"855a3ee0c5d198098083653cf1023857412f246a"
"SoyJaimeXD","2021-05-12T18:49:46Z",19,14,5,"975998d8ff4bdc585355360fa04a3ae2a1c96332"
"listo2020","2021-05-12T18:25:36Z",555,440,115,"73363949a16038a7515f5f4170b3c66528d294c1"
"Edvardo87","2021-04-30T08:33:22Z",174,77,97,"bdc9a1c75a8fe36dbbdac0374b8ebf3d333bd6c0"
"Edvardo87","2021-04-30T08:22:09Z",278,141,137,"5d948dc7534cd8abe2c97885bab2d1f298259d42"
"listo2020","2021-04-29T23:49:24Z",273,226,47,"b761a3665c627ca44cb061ba269b8d8a3b56947e"
"Edvardo87","2021-04-28T14:45:43Z",0,0,0,"8999cb86f487cdebde1ea5e7f7fa33600304b687"
"SoyJaimeXD","2021-04-28T14:41:07Z",45,45,0,"6fd384d22dcfa7d64fce350fe17ea8ba4346914c"
"SoyJaimeXD","2021-04-28T14:39:33Z",177,177,0,"c46b91f4f2c048fa280012b237c5fa80e062d4b6"
"Edvardo87","2021-04-28T14:24:50Z",49,49,0,"016df6a9ec5949727f0640d23ab6710858b5158a"
"Edvardo87","2021-04-28T14:21:49Z",10,5,5,"5c3051e5a65f8dd911336eb1730b3401cfc6491a"
"Edvardo87","2021-04-28T14:10:57Z",12,1,11,"744dd993529edb7c048419a9dce22ae23891d4dd"
"Edvardo87","2021-04-27T22:00:32Z",2,1,1,"c22d4da8f1a86c3a86b095a75fb658153aa27bc2"
"Edvardo87","2021-04-27T21:58:44Z",0,0,0,"2c6b35dc8144ad384df9dcc289f1e86c8dfe3dbc"
"Edvardo87","2021-04-27T21:56:06Z",58,58,0,"8f6fcda20b744ef84abdcf83148c047aeb54de9d"
"Edvardo87","2021-04-21T17:24:30Z",287,153,134,"79ad8e962ea536fa939f3913fa05c5b76021490b"
"listo2020","2021-04-15T21:59:10Z",2,1,1,"aadaf7741ae0e9078bc3bc329cb1f1a0fe913c33"
"listo2020","2021-04-15T21:57:02Z",79,75,4,"a276e761a1b9d6633368c8a624fce90890ae65df"
"listo2020","2021-03-23T23:26:49Z",12,3,9,"aa6468914c9007d6d7fbb5a46da3b58ea7126d87"
"listo2020","2021-03-23T23:11:08Z",44,22,22,"dd10059b909f704b98b7b9b4a7993ec69eaba256"
"listo2020","2021-03-23T23:10:18Z",86,0,86,"499957522412b7c5a116c1145f7f35b95bc2a6a1"
"Edvardo87","2021-03-23T22:41:25Z",116,116,0,"fc42dfc70f132af4212c5a1aff0d1960b3c92ce6"
"listo2020","2021-03-23T13:04:58Z",8,4,4,"dad255f04a7aede8c88b21b204a2d4b83e6bec6b"
"listo2020","2021-03-23T13:04:17Z",86,86,0,"acdc994a29ee311a31dce1c73739215c82d2a651"
"listo2020","2021-03-23T13:02:46Z",86,0,86,"b6e0e1db3c9996904698fedb1ce9b6af16188a11"
"listo2020","2021-03-23T12:58:37Z",18,8,10,"0c87282f0fc5f94f60e171370bf9a1187c8635e3"
"listo2020","2021-03-23T12:54:33Z",2,1,1,"b5b901763f0fa6134c19c5bf38f77908a8d791a5"
"listo2020","2021-03-23T12:54:04Z",86,86,0,"679cb305f307b153289db4cac09107bc77fdbd2c"
"Edvardo87","2021-03-17T11:22:08Z",2,1,1,"90e0284fd4d3da7a792e203266fdf0193efc11d6"
"Edvardo87","2021-03-17T11:21:26Z",14,8,6,"db96dab26162f77b9107e5e866f9f277f9cfec92"
"listo2020","2021-03-14T16:25:27Z",14,11,3,"0787483a21ad99f20924ddcb5e42f5da16b479e6"
"github-classroom[bot]","2021-03-13T17:15:42Z",737,737,0,"3d34ce64ba78d45ab938c2348b4f94571e054393"
