"name","date","total","additions","deletions","sha"
"Sergio Díaz-Maroto Lara","2021-05-27T16:53:30Z",2,1,1,"62525fa8be69861225c1847731109a6b18ad343e"
"Christian","2021-05-27T16:02:05Z",2,1,1,"01fb6202a4f999a7c455b7ab9ce2c1f5e5b21860"
"Christian","2021-05-27T15:52:51Z",0,0,0,"f05bb623071faba172bcd3a4ad53e77f6cdd18bd"
"Sergdml","2021-05-26T08:23:30Z",816,0,816,"f834fd97046b5fd2bc87f5a9e0ae5508fc940a3e"
"Sergdml","2021-05-26T08:15:32Z",117940,0,117940,"c825ec875752ea3c130ceda97bf32e15d79375b9"
"Sergdml","2021-05-26T08:01:35Z",16,6,10,"fa62af90d77b140e1401f3744f074735734f72c2"
"Christian","2021-05-25T18:09:14Z",435,422,13,"189364dedb2ef6e27ca6299a4ddfd5eb362c4c48"
"Sergio Díaz-Maroto Lara","2021-05-24T09:08:12Z",126,118,8,"98d3583bf8638dcdcf544ed0e29ffc50e66bee08"
"Sergdml","2021-05-24T09:06:51Z",126,118,8,"dc19b17e836c57a3eb80ed55d61d9c6c22b21b46"
"Sergio Díaz-Maroto Lara","2021-05-21T11:34:01Z",71,39,32,"eeb9fb46208b60d5b7b34d5e99afe853ee6decc9"
"Sergdml","2021-05-21T11:32:26Z",71,39,32,"27e2ee3755b6d0ba36b8504f46a8f55b8a4c0933"
"Sergio Díaz-Maroto Lara","2021-05-21T10:03:05Z",436,427,9,"3db34e3ffdceadf015724f100e4d757ad7e3de1f"
"Sergio Díaz-Maroto Lara","2021-05-19T07:45:20Z",118,59,59,"2caa1c7170b9cb67ca75871ca388e7f007880437"
"Sergdml","2021-05-19T07:42:06Z",118,59,59,"e5807d5b00f8207c1a00d44822cdc7111aac9d7b"
"rubencasstro","2021-05-17T12:01:36Z",0,0,0,"648bc4e1006a486a70d926a41fcaeb40ee407ebc"
"rubencasstro","2021-05-17T11:02:36Z",436,427,9,"5884669de0be85e5fb292e0e98eeffa1e6817a90"
"Sergio Díaz-Maroto Lara","2021-05-17T07:51:34Z",409,0,409,"b556daed7740f8376f7714492ab20f059aa4fa84"
"Sergdml","2021-05-17T07:45:45Z",830,348,482,"ac2da28f06f269a19f9f91dea2ca399646a78be3"
"Sergdml","2021-05-17T07:27:10Z",4,0,4,"1c02fd05d64544d8b728b0109a04eb8dacb4a308"
"Sergdml","2021-05-16T22:39:01Z",6,3,3,"02964631f908fdba8e25ddb22d37153df34a2270"
"Sergio Díaz-Maroto Lara","2021-05-16T22:31:07Z",423,72,351,"faff57051ddd12a8e1acc55c52154d9315a1ace2"
"Sergio Díaz-Maroto Lara","2021-05-16T22:29:34Z",423,72,351,"7547f68b237453159d04c169eafe1fe8331bbb77"
"Sergio Díaz-Maroto Lara","2021-05-16T22:25:13Z",423,351,72,"2c399edf4ba5904eb9dd6ddb947fe93cd7f1c4df"
"Sergio Díaz-Maroto Lara","2021-05-16T22:24:37Z",423,421,2,"f59de2879231ae370652bd70fc37751d10db1ed0"
"Sergdml","2021-05-16T22:22:11Z",3,0,3,"6e7eabe9c40275b17482f1c35205f8fb92ed8a39"
"Sergdml","2021-05-16T22:18:23Z",422,349,73,"7c3accf190155e56dfcdd95ad070690fdd4ba12e"
"rubencasstro","2021-05-15T14:19:13Z",12,7,5,"546d0d37fd54bd1652da8cb6d6c36c156a672594"
"rubencasstro","2021-05-15T14:08:50Z",419,415,4,"2de89ba0f9d64e8016615250145225366253b796"
"Sergio Díaz-Maroto Lara","2021-05-14T20:59:53Z",22,11,11,"0c6263718766c0b7624bb36f9b49231af6efb0c3"
"Sergdml","2021-05-14T19:50:19Z",20,10,10,"820d3645aed10d5689744b49d4a59b87bc72a296"
"Sergdml","2021-05-14T19:40:52Z",20,10,10,"c9cab692a27bcf4e2c9deb8285e90dcf14b96f94"
"Sergio Díaz-Maroto Lara","2021-05-14T19:26:02Z",302,288,14,"06c4229df5fe654ac7d9bd0b043ae16eb31d5144"
"Sergio Díaz-Maroto Lara","2021-05-14T19:24:58Z",32,29,3,"93c04fe3a10ee6f22efb17f12a1c5627608df7e8"
"Sergdml","2021-05-14T19:23:18Z",873,0,873,"f99ebf1ce394bdc62b8633b536e92229f2658cf4"
"Sergdml","2021-05-14T19:20:31Z",474,4,470,"de3bec20404b21adffc398c8dc3f3fd6db0f1227"
"Sergdml","2021-05-14T19:17:28Z",333,308,25,"5991009b350dacf3ea3f8773a224f98f0db11f1f"
"rubencasstro","2021-05-14T18:26:07Z",453,440,13,"af5750e48da670a2f9da3bef3077dd2de0f4de3f"
"Sergdml","2021-05-14T11:40:33Z",23,19,4,"61644acf1ad64f8f4c06ee4a0bab6f7f9f6ad9f2"
"Sergio Díaz-Maroto Lara","2021-05-14T11:16:38Z",434,334,100,"1ed9c9aac5df07f7921c69a0bdb0ee4b152a0766"
"Sergdml","2021-05-14T11:13:38Z",419,331,88,"59a0bc954df89555c11078fdd5d8c9a48c687435"
"rubencasstro","2021-05-14T09:26:48Z",1565,239,1326,"64886b9410bd760aa9bc8bcdf6c2384ba4223db1"
"rubencasstro","2021-05-14T09:26:18Z",20,15,5,"0fae93651e60a8b9da72f032052494ee1e728441"
"Sergdml","2021-05-13T20:41:07Z",399,398,1,"5bc01ff18bf04ef0c9b4b23faf0876e4165d7597"
"Sergdml","2021-05-13T20:37:39Z",406,0,406,"633488c0822435493deb13fc2db0a1bac2923eec"
"Sergio Díaz-Maroto Lara","2021-05-13T16:35:17Z",461,428,33,"6f330c85d96618c43941327ea826e8f475781563"
"Sergio Díaz-Maroto Lara","2021-05-13T16:35:08Z",89,55,34,"cc317d16d9102a5e09dd2f32235576b850f908f1"
"Sergdml","2021-05-13T16:31:54Z",457,451,6,"f5f96beec3c2e01ab3a179d818f8cb4b8eee420c"
"Christian","2021-05-13T16:27:11Z",58,52,6,"497535f37015f203bb3df55c331f23ee9577f7e8"
"Christian","2021-05-13T16:25:20Z",25,25,0,"fe46da92a7babf82c751de21f328d987b0973f8a"
"Sergio Díaz-Maroto Lara","2021-05-12T09:50:22Z",23,21,2,"789b701dfa495e50203bf63a971fc399f10c0a7f"
"Sergio Díaz-Maroto Lara","2021-05-12T09:42:19Z",121,117,4,"a85882a358e9e6bcc063072d735880398b3217af"
"Sergdml","2021-05-12T09:40:02Z",1665,0,1665,"cfe273a9b92e072b9a599eb17df6757d9642f7ee"
"Sergdml","2021-05-12T09:36:43Z",1659,0,1659,"7d9362502535930deffb5dc8384211d84db6c81d"
"Sergdml","2021-05-12T09:33:00Z",2,2,0,"a2c73d837b5f8ed4de2a4330f99250a000205a85"
"Christian","2021-05-12T09:27:17Z",29,25,4,"4b7fb5c4c5bfc468f9416d5536fbe7b58c5a7842"
"Sergio Díaz-Maroto Lara","2021-05-12T09:25:32Z",2,2,0,"4e3ca1b231a5bb3aea5439829a4c3f1a489509c0"
"Christian","2021-05-12T09:13:57Z",24,12,12,"f120e4fbb88cd970c0fcd83e7a8471e966b44d39"
"Sergdml","2021-05-12T09:04:37Z",165,147,18,"b2d386b2d03473affa063855b733fa01e7633930"
"rubencasstro","2021-05-11T20:07:36Z",36,27,9,"450e1e7eb5728207be5540f10a170746673a944b"
"rubencasstro","2021-05-11T19:41:51Z",656,593,63,"b349b2407c0f2ed185777d0011af8509d30fb78d"
"rubencasstro","2021-05-11T19:41:21Z",1,1,0,"0d06abf6556ba6ebd97e10ac983bce0fcf372ea1"
"Sergio Díaz-Maroto Lara","2021-05-11T15:43:27Z",26,8,18,"298aa8e94c4cdb9dcfe896d9259647a1baf8305e"
"Sergdml","2021-05-11T15:09:26Z",1281,1140,141,"4e42b09f9129c04e9b8704174d8fc01359f52602"
"Sergdml","2021-05-11T15:07:04Z",12,6,6,"8ff178bafb803291791592a503cb97219b4acc61"
"Sergio Díaz-Maroto Lara","2021-05-11T15:05:36Z",1305,1157,148,"9c1e9f310f7bf12c5c342e815b67aad5c7ad7240"
"Sergdml","2021-05-10T18:18:55Z",22,11,11,"99c57fe85b6a3d52c2f0c7077dbbe59c22441342"
"Christian","2021-05-10T17:59:31Z",26,13,13,"fe5caac7ea3ee226c94dc43cb7174d577c349db4"
"Christian","2021-05-10T17:56:15Z",650,595,55,"a40f144dccfc8c3ad6afe51c9a695102928333d2"
"rubencasstro","2021-05-10T16:56:55Z",438,425,13,"bce52ff236018691bcdc423bd858d001fec71568"
"Sergdml","2021-05-10T15:34:16Z",230,38,192,"c088fde09964ab134c506f50fab48e2b5303d7fa"
"Sergdml","2021-05-10T11:42:12Z",33,14,19,"3d3c7987b075cea53dd017f86300ba53212479d6"
"Sergdml","2021-05-10T11:23:10Z",27,18,9,"cc05e88911b0b218862e1bbc0d1e19bc8488c687"
"Sergdml","2021-05-10T11:17:42Z",479,343,136,"2fcd24739d3bf1178054885cbafccea7639487eb"
"Sergdml","2021-05-09T16:49:05Z",22,11,11,"1ae5879b532364ce47b4e8c48e60e64c700f6fc6"
"Sergdml","2021-05-09T14:13:25Z",24,11,13,"7be4423ecefca146305c966dc52add45c9616333"
"Sergdml","2021-05-09T14:12:35Z",577155,36695,540460,"65b2f782c35c2f9814d765ed41fbc7506a24b113"
"Sergdml","2021-05-08T16:20:44Z",9,4,5,"67b617fb917767ed9199a0ec8b984b626b9ab8b2"
"Sergdml","2021-05-08T16:20:41Z",10,5,5,"1d62533e709fabb8c03b7c626a0dffb1befc081e"
"Sergio Díaz-Maroto Lara","2021-05-08T13:49:02Z",4,2,2,"4acb003bf79627bfaa13cbcfc3ea57942d06f4a9"
"Sergio Díaz-Maroto Lara","2021-05-08T13:45:04Z",5,2,3,"2fd5a17a8db3c6907b5eb5a4afe4b791fc5f907e"
"Sergdml","2021-05-07T19:55:18Z",31,18,13,"03d4924471a709b4dca4c86b0068ba629d09f0b9"
"Sergdml","2021-05-07T19:51:22Z",29,24,5,"f4f89f0675848c8bd8259443ce0acc771cd44edb"
"Sergdml","2021-05-07T19:48:17Z",622573,622549,24,"45a92198c77cceaa7c49bc3576478940c7fd212c"
"Sergdml","2021-04-28T16:22:14Z",10,5,5,"bdecbf34e944b6243b7204e438c9f8c7c8b62d39"
"Sergdml","2021-04-28T16:19:40Z",329,159,170,"f3b600228f2f163818f354e12a424c88fa3334d8"
"Sergdml","2021-04-26T09:58:26Z",22,22,0,"52f055ba41507ad3b9c5927edb2e1213ae609c08"
"Sergdml","2021-04-26T09:55:10Z",206,140,66,"365da8df83aa065ffd9abed12c0253c34ab5e4cb"
"Sergdml","2021-04-26T07:39:47Z",0,0,0,"2bed27d7df8ab0e0cb26e34dc56aa1448a9cc003"
"Christian","2021-04-14T08:40:41Z",208,172,36,"935d360af36998179d166181319a7eadd815483c"
"Sergdml","2021-04-05T15:35:33Z",130,65,65,"b8e9dc032981d3c118adccf1c49a44d326c071e7"
"Christian","2021-04-04T16:49:30Z",2,1,1,"9639f8a8fb116f77cdcd49a63f035acdcb5ffc6b"
"Sergdml","2021-04-04T15:33:19Z",2,1,1,"f6da9964ef6f7869be1213a08cda2f625da66fa1"
"Christian","2021-04-04T14:50:46Z",2,1,1,"3882b6c4f94ab1149dbf0acf3d326e16c2bf7073"
"Christian","2021-04-04T14:41:09Z",3,3,0,"de1fd843142183b00546dbb2eadf270af9b620db"
"Sergdml","2021-04-04T11:08:21Z",12,6,6,"51110aa85ea1691e1a2d30b2c6edb5f31544d3c1"
"Sergdml","2021-04-04T11:02:59Z",28,26,2,"7684ba29033abd90386046259471e3244346febf"
"Sergdml","2021-04-03T18:27:07Z",0,0,0,"f1e9c52331281d29ad4a9f89cf4d130ed7acfadb"
"Sergdml","2021-04-03T18:22:53Z",36,36,0,"8a5fed5ab51f2cf7ff0c948323ad90ab07700be6"
"Sergdml","2021-04-03T18:22:49Z",1,0,1,"b2f0de7e38d9fe524735c60483590bdbc20645c9"
"Christian Alva Sarmiento","2021-04-03T17:33:28Z",36,36,0,"93a9e44c37fe72dbc07c6805e8c69f2ed1dc44dc"
"Sergdml","2021-04-03T17:25:50Z",1,1,0,"543c5c140f69d747fb1723651240ba456e1e244f"
"Sergdml","2021-04-03T17:24:09Z",0,0,0,"913d24fe735838510db083120d3672a72a14ec9d"
"rubencasstro","2021-04-02T11:42:08Z",0,0,0,"34f07284e5560611273e5b51f1783acff460d73c"
"rubencasstro","2021-04-02T11:41:41Z",0,0,0,"64f7bb9ee75be3bd40dd0bb01254c54045e6dde3"
"rubencasstro","2021-04-02T11:40:10Z",1,1,0,"aa8096d40a21d9cd3e54cc9d345876c15686018b"
"rubencasstro","2021-04-02T11:38:47Z",0,0,0,"9074886f4f4eb7d5e39bdee5efd6226b5fe9d364"
"Sergdml","2021-03-31T15:32:52Z",32,26,6,"856dc59bebfadcef4dd77c5c546e5e73d4c83bf8"
"rubencasstro","2021-03-30T20:01:10Z",0,0,0,"d579c115498f703ba21826dd0242a50f4701129c"
"Sergdml","2021-03-30T19:33:05Z",34,34,0,"a244c9095f830de0734d83343524fa17938f871f"
"Sergio Díaz-Maroto Lara","2021-03-30T18:30:56Z",1,1,0,"f2b7d43223a56f1f9c073a9cd862e2e92f370013"
"Sergio Díaz-Maroto Lara","2021-03-12T12:56:08Z",4,3,1,"e0c20ecdf9301c9be28e5bf050eab9f57080a2b1"
"Sergio Díaz-Maroto Lara","2021-03-11T20:01:07Z",2,1,1,"12aae766aa42cdfe017c5644f27d04cdcd6fe6a4"
"Sergio Díaz-Maroto Lara","2021-03-11T20:00:51Z",4,2,2,"28f3a54cca93d749403bef3294b054bb470be327"
"Sergio Díaz-Maroto Lara","2021-03-11T20:00:05Z",2,1,1,"1b8eff2b8d5d43981197a8e937a00fa1d6fb8152"
"Sergio Díaz-Maroto Lara","2021-03-11T19:59:20Z",2,1,1,"9d03ee7c8da8850272cbc2f70ca23394300d914a"
"Sergio Díaz-Maroto Lara","2021-03-11T19:58:03Z",7,3,4,"0692de3c7b5224bc428ad0de0b349391df361234"
"Sergio Díaz-Maroto Lara","2021-03-11T19:15:50Z",6,4,2,"141db386f1c9675a78a5dad01231b27efcc9319f"
"Sergio Díaz-Maroto Lara","2021-03-11T19:15:32Z",6,4,2,"86a6e0b9c9a6b49108b6bcc076301d84e0e5ff88"
"Sergio Díaz-Maroto Lara","2021-03-11T19:14:14Z",9,6,3,"0a0fb518b9ffed74a4ea0b580602b0b433e9f822"
"Sergio Díaz-Maroto Lara","2021-03-11T18:52:55Z",10,4,6,"2c2f32cee66af7cd038f510c81c510fa2b822be6"
"rubencasstro","2021-03-10T10:50:07Z",2,1,1,"d0a562b83d0944b1f78f711d2c01202717e3a653"
"rubencasstro","2021-03-10T10:49:14Z",2,2,0,"cbe8fcdc2c0eed1adab12c2dbc21303dabf0faa0"
"Sergio Díaz-Maroto Lara","2021-03-10T10:43:30Z",2,1,1,"eb0363f22532f1aba6c7b808f6b0dd02e9cba345"
"Sergio Díaz-Maroto Lara","2021-03-10T10:42:07Z",3,2,1,"8cc32f08d16b108d412783ba6ecc9d97a3827382"
"Sergio Díaz-Maroto Lara","2021-03-10T10:36:25Z",1,0,1,"24038cbd51cdce8e5e321bdfb1eec306463df09d"
"Sergdml","2021-03-10T10:33:09Z",5,2,3,"64c22144050951537e97ca0ccb4999e6b00ed9cb"
"Christian Alva Sarmiento","2021-03-09T20:44:05Z",4,2,2,"a324f8b60862f675340420e2cae45d4fe6d7fd55"
"Christian Alva Sarmiento","2021-03-09T20:43:26Z",6,3,3,"1a8288419edcf7a9e15476d5a7e51809f7cd3281"
"Christian Alva Sarmiento","2021-03-09T20:42:53Z",2,1,1,"fd0552571339316afbe849237820ba73911bc4ad"
"Christian Alva Sarmiento","2021-03-09T20:42:26Z",2,1,1,"ebb372fb132a65499508e13f045d001f9fcc0407"
"Sergdml","2021-03-09T20:41:56Z",8,5,3,"59ffb65d3329de40f066b7db928f404de83f90f5"
"rubencasstro","2021-03-09T20:34:29Z",2,1,1,"6ddff32e57075957d09ce7a6e22a5be481b6d521"
"Sergio Díaz-Maroto","2021-03-09T20:30:07Z",2,1,1,"3625d4a509fedf84c9e988a0918a4a194496fff2"
"github-classroom[bot]","2021-03-09T20:15:14Z",737,737,0,"a1c0d8b51bda6009f145b49904ea12c839dbb380"
