"name","date","total","additions","deletions","sha"
"celia-t22","2021-05-28T21:32:55Z",0,0,0,"f36559ab5e2ec5be56d0de1244a6131e41980951"
"Amélie","2021-05-27T16:26:31Z",22,13,9,"c498bbf8fa2f5beadcea73db4582d486e4dbd276"
"Amélie","2021-05-27T15:18:38Z",9,4,5,"26801f4d9c3940672afa0036d9b63d7317872ea9"
"echedey-luis-alvarez","2021-05-25T15:31:10Z",612,612,0,"4841f1114c9963a071461eea9179fce50e376423"
"echedey-luis-alvarez","2021-05-24T18:22:21Z",2,1,1,"a84dbff9f519f1716fcb650e4fe8113c68ea1507"
"echedey-luis-alvarez","2021-05-24T18:09:31Z",21,13,8,"69c7e227abd1a4455b210eeb5a81792e07dc2b44"
"echedey-luis-alvarez","2021-05-24T17:57:10Z",4,4,0,"01171462ae5d6cfb852dd3eea4b27e7d5126f2a7"
"Amélie","2021-05-23T15:59:42Z",16,8,8,"e7650875f1b643584c71525c1540da864d5ecc2f"
"Amélie","2021-05-23T15:50:41Z",22,7,15,"667546565467bfeaa1df2515f1ea695a81b7c646"
"Amélie","2021-05-20T18:38:42Z",26,16,10,"eab26bba63161b43afafb839de6a595a31710bb7"
"echedey-luis-alvarez","2021-05-19T15:59:54Z",28,15,13,"6851bf7ffdf8a43c0c89750d94aa5fb1c4fe36eb"
"luc-39","2021-05-18T20:04:37Z",12,6,6,"f7fd18b3cf79c688c80c4c431f0f38ff289a868f"
"echedey-luis-alvarez","2021-05-18T19:01:09Z",38,11,27,"b7017adb45255a42a2dde362f5be870cad55976b"
"Fer014","2021-05-18T11:18:18Z",68,28,40,"0a9f520af914b7a945030ace88a3c79fcf05a431"
"echedey-luis-alvarez","2021-05-18T10:53:45Z",852,289,563,"e381749e7ece2fc44e6c248939258cbb98a52087"
"echedey-luis-alvarez","2021-05-18T09:24:56Z",2,1,1,"51723e3f2e472baba7d79ed13a9eb53a76c40168"
"luisrubio27","2021-05-17T22:47:29Z",504,504,0,"6ab19d034a07a90b0466de5ca529f146447298dc"
"Amélie","2021-05-17T14:17:58Z",453,0,453,"d91b0af38eef243702eca6a033bdd66936f9d3e2"
"Amélie","2021-05-15T18:21:48Z",6,2,4,"ff0b3743f19339e3ca965ac69ffba678cc322c0c"
"Fer014","2021-05-15T14:22:15Z",11,6,5,"ff1e90fcd3cca506fbaf131e66708317fcb10e8d"
"Amélie","2021-05-08T14:11:23Z",40,19,21,"99e3a0c3cbcac96e44fe1cc80b323257f4e94251"
"echedey-luis-alvarez","2021-05-08T11:36:05Z",456,456,0,"bf6a7292b80cb5be0d66b5d70910663297ee4628"
"Amélie","2021-05-08T08:20:16Z",19,14,5,"f05cee205e5e35e4b0c7a86c104f523769a793d7"
"Fer014","2021-05-07T23:24:43Z",251,0,251,"2fbc36a080f6c89127fbe5f7ecac8cdcc7d13573"
"Amélie","2021-05-07T22:08:09Z",42,40,2,"e8b8edf8a80664ce2566d68b0d7c3f3819250944"
"Amélie","2021-05-07T21:57:36Z",2,1,1,"59e8e00b41293ef904e0245cb30a30146a1a0aa2"
"Amélie","2021-05-07T21:57:01Z",1,0,1,"98e02a914ff48beb50e3a299c65ba886c93c95cb"
"Fer014","2021-05-07T19:11:18Z",251,251,0,"8c48c21b5fbf3dcba4522a1b7b166f31e01f036e"
"Fer014","2021-05-07T19:06:36Z",387,145,242,"c39157eb0d89b736fe521bbbb078925285010bbc"
"Amélie","2021-05-06T23:03:27Z",299,224,75,"5e6ca7c0f171a0f854d877afd890d3d0280c8eb1"
"Amélie","2021-05-06T22:28:25Z",6,6,0,"ed81a057ce4e34a731ca542e796f90f199aabccb"
"Amélie","2021-05-06T22:18:04Z",79,46,33,"223bea974aaa97d206f2f8ad6c0049cd017103f3"
"celia-t22","2021-05-06T21:17:35Z",295,87,208,"543e6fe59ef9611b5251ed038d1e67da5556ccd5"
"celia-t22","2021-05-06T15:16:58Z",109,105,4,"18c7efaba9333064ac79031dcbc0079666a81289"
"luc-39","2021-05-06T11:30:31Z",17,10,7,"2ea6f39e414f2ade593a52d2c26026d8c10daba4"
"echedey-luis-alvarez","2021-05-06T10:59:04Z",11,8,3,"f4e804388d152853b8c890f946245b034fcb21fc"
"echedey-luis-alvarez","2021-05-06T10:47:42Z",222,222,0,"1208076e893286037900afcf6aedeff84f9b4920"
"Amélie","2021-05-06T06:51:03Z",25,4,21,"d95c2a9d405b3eefc4a77072aa73533db21c58e6"
"Amélie","2021-05-06T05:59:33Z",6,3,3,"9fb88a159d55304b1f7347906a73f0f487b32ced"
"luisrubio27","2021-05-05T22:33:03Z",243,164,79,"8eb817eb89819abef72cbe8f8b5bf821a8641a2d"
"luisrubio27","2021-05-05T22:32:55Z",348,348,0,"c1ddcd186ba71dcc7a22de28f6fbfa037c3e1e7c"
"Amélie","2021-05-05T14:07:27Z",98,81,17,"c27bd7b38e98e878dde7b33040c6b9a4fee51b89"
"luc-39","2021-05-04T20:41:38Z",139,72,67,"7bf21fb516b03870ee919358051c1e9821edc954"
"Amélie","2021-05-04T20:02:52Z",38,21,17,"bf9690cae031cf66e01da2db8874abc5c0db363c"
"luc-39","2021-05-04T18:52:43Z",10,0,10,"e20b5642642ca13b3f0ed8134091cf2e17c42e1e"
"luc-39","2021-05-04T18:51:08Z",100,61,39,"526610c69ec0a5a6f3edc66225d37b713f1158ab"
"celia-t22","2021-05-04T17:12:27Z",60,49,11,"98c4897ce7385328783541a35e3447c99c916683"
"celia-t22","2021-05-04T17:11:13Z",51,29,22,"5fde2ced181614d5e20b2135c57b7d7453484781"
"echedey-luis-alvarez","2021-05-04T17:07:13Z",1,1,0,"7ef90a3be576f05cddb83e9f3c538a9f5a5f145a"
"echedey-luis-alvarez","2021-05-04T17:01:56Z",59,48,11,"20d2c707f8137842a6611878771fa89b05c66045"
"celia-t22","2021-05-04T17:00:01Z",51,22,29,"b17fabc26119691a9b115e060adb90355693eaef"
"celia-t22","2021-05-04T16:57:47Z",51,29,22,"7f08e69d75f11177c7c935a2e1b4be8d9dfd47e6"
"celia-t22","2021-05-04T16:53:59Z",44,22,22,"719d847e9fd0666a87860a5b3fe81cef5ae154fd"
"Amélie","2021-05-04T16:49:21Z",51,29,22,"99e30ba2f500d7db9258c0172e14fe130ffa9c95"
"Fer014","2021-05-04T16:30:27Z",43,26,17,"0b5f1655a2d761e3f2392ffd0f236821d3d56618"
"celia-t22","2021-05-04T16:12:50Z",71,56,15,"0b97c4c0fdcc5132e5f5cd997ea183edb44c86e1"
"echedey-luis-alvarez","2021-05-04T16:06:13Z",37,14,23,"f19e475d3f714cec724b6a2086679b404cce19ec"
"luc-39","2021-05-04T16:05:21Z",68,46,22,"7275ade16275d07ee606d49450a0ec4bbbcda1c4"
"luc-39","2021-05-03T18:59:08Z",40,40,0,"f3fec965b2d66abb32425978ed843fc7474c26fb"
"Fer014","2021-05-02T18:27:50Z",157,139,18,"01eb8c259bd6a614c590a386532a4f58d32079da"
"luisrubio27","2021-04-30T09:30:16Z",122,122,0,"de747b68c638df2236f0dfed1861dd957c6a1726"
"Amélie","2021-04-29T07:27:01Z",66,24,42,"b9ac07858fa0a748f83d5a6f61ecc0544574331d"
"Amélie","2021-04-29T06:59:39Z",26,14,12,"9f9832b29c5ef789dcfb5caffb2baa33dbbb15ca"
"Amélie","2021-04-29T06:59:04Z",113,47,66,"a097a654deeb9213c7231d669526ed8d77143688"
"echedey-luis-alvarez","2021-04-28T18:00:06Z",112,75,37,"d91234f3528752ecef2cd86e74b0a31b2d7f8209"
"echedey-luis-alvarez","2021-04-28T12:29:28Z",11,6,5,"27e435c10b9e90d5a4894fd0bce5099fe2e91e69"
"echedey-luis-alvarez","2021-04-28T10:04:19Z",20,10,10,"7a61a52b53702b0853e1716c04bad0765ae0bdc4"
"celia-t22","2021-04-26T21:52:37Z",59,35,24,"992bebbddedc61bc3e02510f8362168ce42965f7"
"Fer014","2021-04-26T20:14:18Z",35,25,10,"a0f3a7b475ad752720e3875e142d61abf192d908"
"celia-t22","2021-04-26T20:07:24Z",70,65,5,"f859136ece8834599eb7b9fd651b06098669ad26"
"Amélie","2021-04-26T13:02:28Z",6,3,3,"ae0bd61f463cbb554cc45ca5bde0c41757d4c6e0"
"Amélie","2021-04-26T04:51:49Z",51,37,14,"ee6c63fc4b52aab6c77098e0c2b3b13eb1c8f424"
"echedey-luis-alvarez","2021-04-25T23:15:34Z",106,106,0,"35f230b4bbacfff2511f7b8d995b665c2e47b5ff"
"echedey-luis-alvarez","2021-04-25T23:15:30Z",1,1,0,"6dc1ef2f830f2c78945beebc1706bb1811f444a3"
"Fer014","2021-04-25T23:04:47Z",2,1,1,"abea16a5b03399dbbbfa4d59b09654e22d7185b7"
"echedey-luis-alvarez","2021-04-25T22:36:48Z",3,2,1,"2ab62b9626483f893c6a4395a7409ec16ebc8e67"
"luisrubio27","2021-04-25T22:36:23Z",3,2,1,"30b3407db0b3e889de4aa184d970e99f9723033f"
"luisrubio27","2021-04-25T22:35:30Z",106,106,0,"f33b68793c82e4789c58bfc8685a7fb4f684e64b"
"echedey-luis-alvarez","2021-04-25T21:51:40Z",12,6,6,"98b477f968867b9a55083273381253df6fc32324"
"Amélie","2021-04-25T14:54:01Z",30,22,8,"1dfcef13088e35d86062abb23ef9177cb3c17135"
"Amélie","2021-04-25T13:14:09Z",13,5,8,"10f96b83a4a7c9ff590c6316b0ce1145d4ce4b10"
"Fer014","2021-04-25T13:02:21Z",113,113,0,"1329221c0718bcc6c2a61608fe075f9af16882e1"
"Fer014","2021-04-25T13:00:14Z",0,0,0,"191825e286e37e3c74f1205adaa669ff12d7b388"
"Amélie","2021-04-25T10:13:37Z",15,7,8,"6a876fdd54a895274548ae125e790bd6cb91621d"
"echedey-luis-alvarez","2021-04-24T20:32:42Z",86,46,40,"a0624aa445b2294e45387e776f3efc6eca671860"
"echedey-luis-alvarez","2021-04-24T19:58:04Z",143,140,3,"e907bcd6f4ea6fefdb91504b6945aa3f4d417c88"
"echedey-luis-alvarez","2021-04-24T00:16:16Z",16,8,8,"a695f1adadb50cbbd0ebbbdc6a6d4f3c22f6413c"
"Fer014","2021-04-24T00:01:15Z",254,249,5,"fb4ec32322ebdb84b372e2c02091e9e48865cd9f"
"Fer014","2021-04-24T00:00:52Z",0,0,0,"1041631018d9648c70b367acab23b03bd1ca6864"
"echedey-luis-alvarez","2021-04-24T00:00:19Z",0,0,0,"51b8b2d7736abdad91da279216182da4bb4902bc"
"Fer014","2021-04-23T23:59:18Z",0,0,0,"be1dbb4ebf5dc3b60f52067f492abfd46e68be74"
"echedey-luis-alvarez","2021-04-23T23:59:14Z",254,249,5,"2a5fede9ae64642d75f94136d2b41bf9c73c554b"
"echedey-luis-alvarez","2021-04-23T22:56:24Z",3,3,0,"03dfbfc5bd8d7760a317c8eaeb4087e29a767b0e"
"Fer014","2021-04-22T22:40:51Z",2,1,1,"2814da9af4b341101b15c2fd6a26a7e75df527fc"
"echedey-luis-alvarez","2021-04-22T22:01:47Z",3,3,0,"5d2899713dc1250e906c128e2d1e86360c946e1b"
"echedey-luis-alvarez","2021-04-22T21:34:24Z",22,22,0,"53b28754a6ab95e802f274490f49b5bd13d66e13"
"echedey-luis-alvarez","2021-04-22T21:33:24Z",33,17,16,"959b621372f205db0ddd4c5fc9dc014239438849"
"echedey-luis-alvarez","2021-04-22T19:47:14Z",97,86,11,"cb29f420c74c6a170faf5d6d848b747f9a12136c"
"Amélie","2021-04-20T14:23:46Z",0,0,0,"ff35a22e3f1cc9043c8817f5b6daa23bc05dd73d"
"Amélie","2021-04-20T14:12:09Z",15,12,3,"f28b7dec446ae8daa158e0a52a3b5a3100bb275c"
"Amélie","2021-04-19T06:48:30Z",39,10,29,"b12744f6d86dc1e6e152337d328b6cb6fe08c208"
"Amélie","2021-04-18T11:18:38Z",0,0,0,"d4bdbbcbe665fd0873871958d3d9ba9dc96e3e60"
"echedey-luis-alvarez","2021-04-17T18:05:55Z",15,8,7,"f824014c0e2a4a90ea91375734df845abfb50740"
"echedey-luis-alvarez","2021-04-17T17:32:13Z",0,0,0,"3d538573b8ee6612daf59e86e138ae527cddd466"
"echedey-luis-alvarez","2021-04-17T17:30:41Z",1,1,0,"d301b27452a65e8eceb4434da002b7168faaa8db"
"luc-39","2021-04-17T17:24:01Z",1,1,0,"436a00c96c29ccbb02f1f1ebad55327957dd3da5"
"luc-39","2021-04-17T17:21:47Z",1,0,1,"2aecd6d3c04c6f5ecc9e1598aaca7634b75351d8"
"luc-39","2021-04-17T17:20:17Z",1,1,0,"b55a496a8347647098703697c631b38fc108a4db"
"echedey-luis-alvarez","2021-04-17T16:47:06Z",4,1,3,"9f5d73d6d744c0f2a8b019f4bc144d9af4e8caf9"
"echedey-luis-alvarez","2021-04-17T16:47:00Z",61,27,34,"a54b478856f9547fe2987d081a93b024c43e2448"
"Amélie","2021-04-17T16:05:11Z",4,1,3,"0bc647de537236044a59fd5ce11b4dbac884d814"
"Amélie","2021-04-17T16:01:51Z",0,0,0,"401992951213ee3f7ba6d036b6701038a643ffcf"
"luisrubio27","2021-04-16T07:41:26Z",34,34,0,"77442ace00d4601e75957b9ea87ca68141472a36"
"Amélie","2021-04-16T06:59:06Z",238,206,32,"acd0e32ac5f3443e7939dd64455dcc5d245d8f67"
"Amélie","2021-04-15T20:30:24Z",122,41,81,"58e3315c119432488d199d5e303df36a0ab13bcc"
"Amélie","2021-04-13T08:07:22Z",422,422,0,"c92060fa6fff212ab34e6567186f5119222f0709"
"Amélie","2021-04-13T07:57:50Z",3,1,2,"80936295027e9d5cf8d813fce44e0df624f8b732"
"echedey-luis-alvarez","2021-04-11T17:54:00Z",110,93,17,"58e24c4eb3a4e2c14d655248c0b9ac6a2c1b318b"
"echedey-luis-alvarez","2021-04-11T17:53:39Z",182,182,0,"6302c5daa67d2e6755ed5737a6461b56add8e947"
"echedey-luis-alvarez","2021-04-11T17:53:21Z",4,2,2,"095143516f4fdad2bf5633f58280edd6109026b0"
"Amélie","2021-04-11T07:23:00Z",53,19,34,"b03b8c50badbc3ad051e3c37a49274c2cdd756d9"
"Amélie","2021-04-09T14:29:03Z",41,39,2,"60716a59282b79d98bea5d3e2c4c6f7dace7b7c4"
"Amélie","2021-04-05T14:30:29Z",133,69,64,"77894cfb148f380b7cdc4eb28d73a5911a448f76"
"echedey-luis-alvarez","2021-04-03T16:36:59Z",0,0,0,"37b39250ed4520c94b9908a4fcf0a4b7b212e93e"
"Amélie","2021-04-02T16:23:19Z",17,17,0,"ee832f4deffbe5e0792017d4e159cdb2b036891f"
"Amélie","2021-04-02T16:07:54Z",181,90,91,"9375c339d9279b20bff009121af699dec3a7b815"
"luc-39","2021-04-02T12:28:57Z",0,0,0,"0e2ecf8ad260a42783827feef2d243cf99017462"
"luc-39","2021-04-02T12:25:18Z",0,0,0,"8181bd92b3905f819b4b7aa80d8b998d9f1b5d1d"
"luc-39","2021-04-02T12:25:14Z",1,0,1,"0996659229112bb95ecdd46ac65648212ec0ad1e"
"Lucas Sánchez Solera","2021-04-02T12:24:50Z",1,0,1,"330cb9ab2175fade88aa0ad812744cde9dd32eff"
"Lucas Sánchez Solera","2021-04-02T12:21:28Z",2,1,1,"bda3cc806ebccdff7b9805e4ad75fa81e2c74790"
"Lucas Sánchez Solera","2021-04-02T12:20:45Z",2,1,1,"8eac195fdaff7503f677088b0d5348e71f459e66"
"Lucas Sánchez Solera","2021-04-02T12:17:46Z",1,1,0,"63736815a809f9951d75faa2f96588ab7b3fe509"
"Amélie","2021-04-02T10:08:48Z",13,9,4,"798905f93144f01a1f16742a2194ddda38303552"
"Fer014","2021-03-30T23:52:08Z",89,89,0,"9c05d916db2233983dfdd18c35c4598320b8bafc"
"Fer014","2021-03-30T23:52:01Z",32,32,0,"f91f1619ea0353b1630a8d7d4e3255a2b37aa100"
"Amélie","2021-03-30T20:39:10Z",82,60,22,"f6d8e77a875749d3bac7e57804ebc21d4126dd31"
"Fer014","2021-03-30T14:46:50Z",2,1,1,"46faabf464f340c7caed9d0ead6e30101ce271df"
"Amélie","2021-03-30T07:07:43Z",75,55,20,"5721c4ced8ad2374083b85e3fd15e50f1e474fc5"
"Fer014","2021-03-30T01:17:18Z",4,4,0,"aa2cfcea186e680adab649276a1cfcc55db77ac7"
"Fer014","2021-03-30T01:16:28Z",1,1,0,"cb49e900de1ed34a53dfe1eaddee3ef7c13c2b15"
"Amélie","2021-03-29T13:59:53Z",17,4,13,"f9e03d1f45b5e285138ecc7e7b215d08c737667c"
"Amélie","2021-03-28T19:14:04Z",41,34,7,"76b6cbecdfdbabb0eb9b77886288aca96cc3046a"
"Amélie","2021-03-27T17:58:55Z",39,0,39,"a5344419342680a4d10b181d874b1778acf00a72"
"Amélie","2021-03-27T17:27:16Z",39,39,0,"b1cb6305d1f283551fac2371fb983e675db5e9ec"
"echedey-luis-alvarez","2021-03-22T19:02:07Z",60,31,29,"cec2767949979cb15286d9280fdd50fc435c0e62"
"echedey-luis-alvarez","2021-03-14T12:23:32Z",97,97,0,"456acc1d51f5c88a7a0c33667a16ea7fb328289b"
"echedey-luis-alvarez","2021-03-14T12:20:44Z",17,0,17,"4b0023c9b38b0bba0c6ce904d037c4aef6464a77"
"echedey-luis-alvarez","2021-03-14T12:17:40Z",27,17,10,"3a457a3fd710271bb209868eb907d60fba6d6b25"
"Fernando","2021-03-13T23:41:59Z",1,0,1,"c059e667d75ee2cdb2e10286f0bd76912e5255e7"
"Fernando","2021-03-13T23:41:42Z",0,0,0,"7777fbcf96b295430394948bc65c203064c39279"
"Fernando","2021-03-13T23:39:21Z",1,1,0,"60ea41508fd65f602094b8315eb49d00cd5e3bfd"
"Fer014","2021-03-13T22:54:52Z",2,1,1,"5fc9a1d5a2811c1913a45f68b9e1b5013e070a14"
"echedey-luis-alvarez","2021-03-13T21:22:11Z",128,128,0,"6237ce03b916c5508b25b49ad89e8e8a0b33c41f"
"echedey-luis-alvarez","2021-03-11T18:51:58Z",0,0,0,"c4bbe58dee1487a18f403c6bb5814c1e9f9cd03c"
"Amélie","2021-03-11T11:15:30Z",43,7,36,"a4a84ccf68a2b1e6c6ae0e3b31151f05900e86e5"
"echedey-luis-alvarez","2021-03-11T10:56:37Z",2,1,1,"1a80e3376bbe3f925faad51449693760086f9470"
"echedey-luis-alvarez","2021-03-11T10:51:21Z",10,10,0,"d39b25db90e338b8fbc0daa8960d220707f84891"
"echedey-luis-alvarez","2021-03-11T10:51:07Z",6,6,0,"71e1d48f693026e2a62e766b9675ad37aa996fea"
"echedey-luis-alvarez","2021-03-11T10:45:49Z",31,31,0,"166d372f9de9123b1181a163c02c2acb1712e670"
"Amélie","2021-03-11T08:48:53Z",1,1,0,"bb61d875676e902ce20a25909ad3b2f2f1369329"
"Amélie","2021-03-11T08:47:39Z",3,2,1,"bcd60994901fc8668899f642892db89152430fd8"
"Amélie","2021-03-11T08:39:10Z",29,29,0,"9a5013211a2fd26acc818fe15ff153b3eda70941"
"echedey-luis-alvarez","2021-03-09T09:31:56Z",363,363,0,"139f33840d7e2312a29a2b10c273394a0f6e98b7"
"echedey-luis-alvarez","2021-03-09T09:20:06Z",26,26,0,"990686d6c9be3be3a13ba7339eb016b4333fc856"
"echedey-luis-alvarez","2021-03-09T08:55:28Z",5,5,0,"22bbd5b6ce9acb0a0a2a3da9fb50c79ba58d4551"
"echedey-luis-alvarez","2021-03-09T08:50:04Z",12,6,6,"932a634066082650cf8381ad6b48f60300dcd9ce"
"echedey-luis-alvarez","2021-03-07T21:18:26Z",4,2,2,"7450e2558357ffa8bd387b143433aab98b621050"
"luc-39","2021-03-07T20:44:27Z",8,5,3,"1d8f141ca231a038a8bacc37c0769452df3f82e9"
"Amélie","2021-03-07T14:00:30Z",11,0,11,"b0d2bafe9207cd4317c7a4318a686a9952722284"
"Amélie","2021-03-07T13:40:26Z",11,11,0,"a6273ed0c9936288c61da7f4f66fb304f10671d1"
"celia-t22","2021-03-07T10:56:47Z",5,4,1,"6141bf9fc7c06f6c15e5ca4137ed9b49950497e6"
"Amélie","2021-03-07T10:38:26Z",4,3,1,"677f92fd6c66a734f6352297aaf83edbc20e2b10"
"echedey-luis-alvarez","2021-03-06T23:57:14Z",24,20,4,"42f2c17d0a753cd031c1cd6b622d8158b99cd8b8"
"Amélie","2021-03-06T19:55:22Z",1,1,0,"20be3acf57112f4d04bcf8ba3c749eb4af5f784d"
"Amélie","2021-03-06T18:54:40Z",14,13,1,"75f889291d6a6f0155150983d9aa4cc8aa395d1c"
"Fer014","2021-03-06T18:31:55Z",3,2,1,"a46aa8ecdb6291dac02fee3e9ead263aee459ba3"
"luisrubio27","2021-03-06T18:17:16Z",3,2,1,"73e1a9f29e3c42391dea82ae58d1785b7307ba42"
"echedey-luis-alvarez","2021-03-06T17:50:40Z",3,3,0,"6b6f538a6cca6be3ba745a331609a92591bca29a"
"github-classroom[bot]","2021-03-06T17:33:03Z",737,737,0,"6291b7c229fcb219190dc3467e234a6ed7da0d05"
