"name","date","total","additions","deletions","sha"
"Rq2021","2021-05-27T18:31:46Z",4,2,2,"5a29e789f353ccde9c5338fbce134f7ef14c31c3"
"luciamarcos","2021-05-21T13:53:50Z",0,0,0,"847e0b389f70c9d177d686b96e8a7607d38f27cb"
"luciamarcos","2021-05-21T13:32:10Z",0,0,0,"2215178cf786c00f3d2002df5a86590665652d30"
"nerearodriguezlopez","2021-05-21T08:48:06Z",0,0,0,"3ab33afcf6ea30fc3d545a728ec011b0f85cea9b"
"nerearodriguezlopez","2021-05-21T08:47:32Z",0,0,0,"3909e76e7fb3381b0592ff9f2b2b882aa9de3995"
"luciamarcos","2021-05-21T08:10:06Z",0,0,0,"a0300b62281234209edf4a16474667b1aebe8c83"
"nerearodriguezlopez","2021-05-21T06:57:05Z",0,0,0,"2cd9cc5f76b6440de64318209717de5633b76589"
"nerearodriguezlopez","2021-05-18T15:27:50Z",0,0,0,"74a2887a09839788736102cf44a2ff5aabe5d020"
"nerearodriguezlopez","2021-05-18T15:27:32Z",0,0,0,"d8df4359295bd4dd7c139fc9704e64d6bac33d0c"
"nerearodriguezlopez","2021-05-18T15:26:22Z",0,0,0,"ca1c4233f8086a4653b9415cf6f38545ca4dd2e9"
"nerearodriguezlopez","2021-05-18T15:25:30Z",0,0,0,"82c3c648e66cdb0d3c49528a8767ae70659c5467"
"luciamarcos","2021-05-14T16:31:09Z",7,6,1,"0600e9af7b26ba3dd385b26a6fcc76d8766a8e6f"
"luciamarcos","2021-05-14T16:28:32Z",0,0,0,"e48c0fc3e79d26d98b946f6d88b136ddff6e373b"
"Rq2021","2021-05-14T09:54:13Z",1,1,0,"e6e5ef330871b116f2f4c3852402e3520e8c519c"
"Rq2021","2021-05-14T07:35:23Z",1,0,1,"4316abff2efebbd49bc5f18b3b453bef627a4978"
"Rq2021","2021-05-14T01:55:49Z",1,1,0,"59b405fd144d7a9a70290010af0839f4bbb5ab58"
"Rq2021","2021-05-13T22:36:47Z",2,1,1,"5451067cbfc21501e061092add59807d730204bc"
"Rq2021","2021-05-13T22:36:28Z",337,337,0,"3e7925343373ae97566df5a822cb6419b2916bac"
"Rq2021","2021-05-13T22:36:11Z",339,0,339,"45bc2db7fe6dfec69a0e62fee0b7b45381f36535"
"Rq2021","2021-05-09T13:36:03Z",1,1,0,"53f9800455f16bc07ca8b84552eeccc53a251791"
"Rq2021","2021-05-09T13:35:47Z",15,15,0,"7f471894b88d292173f5ef554a668048bd0a7a94"
"Rq2021","2021-05-09T13:35:27Z",309,157,152,"16e2daf56f438860d71351e4edc83aaaedc711f0"
"Rq2021","2021-05-09T11:48:41Z",1,1,0,"99be398d69aa22ca64ea87e276d0763110900dbd"
"Rq2021","2021-05-09T11:48:23Z",334,334,0,"418652ddb5c7c6a043f22c093327534ec7545e1d"
"Rq2021","2021-05-09T11:48:00Z",299,0,299,"6a10ec69cf20135915b8542a620cc28fa56faefe"
"Rq2021","2021-05-07T23:57:43Z",299,299,0,"2cfbf85c6ce54bc5197e38192a543a4c13ee6269"
"Rq2021","2021-05-07T23:57:25Z",2,2,0,"1874a9b874ad92c69f3570f7d4779a43f9810ab4"
"Rq2021","2021-05-07T23:57:02Z",299,0,299,"4b5fcd55ea770496673d5893d15d33fff05f7961"
"Rq2021","2021-04-29T23:57:34Z",21,12,9,"4eb1c72a645bf480a1491ceacb7e871c550dfd4d"
"Rq2021","2021-04-29T23:57:02Z",125,95,30,"d842e6dcb96dd5e53825e195d4d923b6a201ffa9"
"Rq2021","2021-04-29T19:42:40Z",234,0,234,"1197f74d19317ee7606a677c2f244e73f09a0706"
"Rq2021","2021-04-29T19:42:04Z",234,234,0,"ab24155b6ea30965999a31b833347ddd15a3f079"
"Rq2021","2021-04-29T19:39:30Z",8,6,2,"7c02e902c4fb4b05607f2a0a9687e5c0729c052a"
"Rq2021","2021-04-29T19:39:06Z",142,23,119,"02887712254c31fdbdd047c18bde1b5f9450fa41"
"nerearodriguezlopez","2021-04-28T11:08:36Z",0,0,0,"c3cb9c5be59c3caaf40cb09edf12168e7ddee07f"
"Rq2021","2021-04-25T18:42:48Z",2,0,2,"80aba7d59a69e431160e810f6ee9e07857dcb0e8"
"Rq2021","2021-04-25T18:42:28Z",336,0,336,"e8ab7ecfc605332e3da1e2b7a4b51ae25e76bcc0"
"Rq2021","2021-04-25T18:36:37Z",16,5,11,"5e6ae24e9ac5750d8d9acc9f0158ac6a6d7a373c"
"Rq2021","2021-04-25T18:36:11Z",330,330,0,"f6bf04664303faf12c6eff99951f414e4115e46c"
"Rq2021","2021-04-21T13:16:24Z",23,14,9,"f133e8f58bac851a947da45b6068da2ddab7f64a"
"Rq2021","2021-04-21T12:36:54Z",3,1,2,"ef31ef666bb0a62d96381079ff20a8a6183f2ac7"
"Rq2021","2021-04-21T12:35:04Z",293,0,293,"7562f4d07360d53d92facd69c98961aec4d573db"
"Rq2021","2021-04-21T12:34:53Z",238,0,238,"8020fc0308e433e733666609cc8e191383838700"
"Rq2021","2021-04-21T09:57:25Z",332,332,0,"be862db0f98e7048cc66edc9ab2a9106962f7cc1"
"Rq2021","2021-04-15T20:17:56Z",107,86,21,"f5dc078bb53cb799b9eb4fc460dc4b2f2ec4bd12"
"Rq2021","2021-04-15T11:19:02Z",42,31,11,"e063055e6f34c8c2d708942d6d45a8db0c692bfb"
"Rq2021","2021-04-15T01:50:00Z",221,221,0,"2875b84c203cc79024dbc4126efce0d8dfb76935"
"Rq2021","2021-04-03T16:54:02Z",107,0,107,"efcfc68be37482118814271d1c64a2171d25d772"
"Rq2021","2021-04-03T16:53:51Z",230,0,230,"f93e710c6237eaec6ee41bbc737731e655232a9c"
"Rq2021","2021-04-03T16:53:01Z",238,238,0,"2b4e0874dfdbc0b55ac8c00b7af5316e31df9c6b"
"nerearodriguezlopez","2021-04-02T10:52:36Z",2,1,1,"2841164cd58ce4087f252ef9321689d2053e8995"
"Rq2021","2021-03-31T19:14:33Z",230,230,0,"6c4795ee133981ca2f3432d9f6a1e0417ddadea6"
"Rq2021","2021-03-31T12:55:50Z",22,21,1,"fa5979a2cb6d85e3b8704bea1b2b63e3d950c865"
"Rq2021","2021-03-21T22:51:37Z",56,44,12,"a43b5c1321f731999b7660a5e8233e027c3262da"
"Rq2021","2021-03-18T23:34:03Z",55,55,0,"00d7f92c81b4610bed9b2d50af8b95fb2e95ecf4"
"Rq2021","2021-03-12T23:48:52Z",2,1,1,"209df118ed878fb988f4f3846ac88a9719bcd07f"
"Rq2021","2021-03-12T23:17:13Z",13,9,4,"f727bde8d1cd9dbd69136db96ab4412a46838766"
"github-classroom[bot]","2021-03-12T23:15:36Z",737,737,0,"e4023b88b4c245e5dadded47c09e0e36fd9f441d"
