"name","date","total","additions","deletions","sha"
"dcblasco","2021-05-28T17:29:01Z",0,0,0,"5b689ed001dd19bb4c57a731d58489aca482c5dc"
"dcblasco","2021-05-27T21:09:08Z",9,9,0,"664f23434298e3ec3bd1436d044ae7942f466764"
"Vegely","2021-05-26T09:14:30Z",0,0,0,"1b4c6121a45fc07833151caee6edd8888c4b46a0"
"Vegely","2021-05-23T20:52:47Z",2,1,1,"f5228a326962ea7d861bdb06e9055a5819ae06de"
"Vegely","2021-05-23T20:51:44Z",2354,3,2351,"a3afe4a29d0b254e28668a1b307e05d68b0412b0"
"JuanNicolasJimenez","2021-05-23T18:41:24Z",196,82,114,"69f024e3dac67ce391618c650a0fd4e3fb6e02d8"
"JuanNicolasJimenez","2021-05-23T18:40:46Z",265,144,121,"da971f5abd04bd377b9367246a86e571ac815f81"
"Vegely","2021-05-22T22:57:55Z",24,12,12,"51bb3ba2863d7d56cddb42f19f0aa92bed1942e8"
"Vegely","2021-05-22T20:48:15Z",46,14,32,"31447425972df371a5f865c45026df9348d1597e"
"Vegely","2021-05-22T20:38:10Z",49,31,18,"82d50eab271b3e05aa325c29fbd335ebfa775921"
"JuanNicolasJimenez","2021-05-22T20:06:35Z",135,77,58,"99cab68371f7ca5e88e1b1788ebd275d36907d1b"
"Vegely","2021-05-22T19:34:52Z",84,80,4,"91940ea0930bb4975a854f602b614827388d732e"
"JuanNicolasJimenez","2021-05-22T18:04:52Z",9,6,3,"a8443e8f11f83f0d669593e0dac3bab71b399cf2"
"JuanNicolasJimenez","2021-05-22T16:29:15Z",6,3,3,"f52bbbf6f842f62d95624055d91e97d488ec8ca1"
"JuanNicolasJimenez","2021-05-22T16:27:54Z",343,235,108,"b15915d91fe4eacab5edd9559166e92047c35a68"
"JuanNicolasJimenez","2021-05-22T16:27:35Z",269,135,134,"31bcccf8b407ef2b030bc847409d59a50267bf60"
"JuanNicolasJimenez","2021-05-22T16:22:29Z",375,251,124,"8f3ae1afd6297e2d40425df24d7fc5005d7059cb"
"Vegely","2021-05-22T14:39:03Z",18,6,12,"1b37ced2533ecd5c3d0cd49dbe88513dd5129201"
"Vegely","2021-05-22T14:37:34Z",49,26,23,"04738a33dce4974f43d29286faa84483a373d65e"
"Vegely","2021-05-22T13:33:33Z",40,20,20,"e48b46fa432e5c9e0167c0214b8ae25176ab6f22"
"Vegely","2021-05-22T13:17:55Z",72,57,15,"aa2ccb9141a41a61281461cc5d257d7651d56473"
"dcblasco","2021-05-21T13:21:43Z",57,36,21,"d658bc7617a416843b4935e924d03bf84beab05f"
"dcblasco","2021-05-21T13:21:25Z",57,36,21,"689d4daaf5799e934664eba37e83e5e228453382"
"Vegely","2021-05-21T11:56:29Z",8,4,4,"8e09c63dc1cdb40b2f5743444e6d28a32f5c25f0"
"Vegely","2021-05-21T11:51:38Z",95,9,86,"8827a039fe60789fa9c08bf7c4365fdad699ed32"
"dcblasco","2021-05-21T11:43:44Z",62,43,19,"d6106e7126f9befdf2832cbd25db597ab0f55b29"
"dcblasco","2021-05-21T11:42:17Z",62,43,19,"cd839b80cd0ac17c58c61ab4f73245f798deea5b"
"Vegely","2021-05-21T10:30:47Z",21,13,8,"80e71cd404b6d31a83e9799256f14a21aa89a25e"
"Vegely","2021-05-21T10:22:04Z",127,66,61,"da1833441b95a4fb5d2550431c074b64d0ce8f3e"
"JuanNicolasJimenez","2021-05-21T10:18:59Z",3,2,1,"49aca87921e74c1734ea361fb03d5a41c6f65475"
"JuanNicolasJimenez","2021-05-21T10:17:47Z",2,1,1,"bb9aa0dbb470b0dd91d86fbe044c28a24683c9ef"
"JuanNicolasJimenez","2021-05-21T10:13:57Z",377,261,116,"df542b5cbde20a20f968f10daf2be34371362b16"
"JuanNicolasJimenez","2021-05-20T17:08:55Z",483,260,223,"b078e03d6a0cdf74d1ff307f4bf47f066ce4ead2"
"Vegely","2021-05-19T19:23:06Z",2,1,1,"6d41891029b705d37be21ae228fbb4f16744b86e"
"dcblasco","2021-05-19T18:45:17Z",13,8,5,"9b60bbf6d1557c29869b3d52ab32621bd9919ece"
"dcblasco","2021-05-19T18:32:45Z",37,24,13,"477d2531758b0f0bd6eeefccc65a96e18e51915d"
"JuanNicolasJimenez","2021-05-19T17:44:49Z",45,13,32,"7152728e44c64f8b4e2017dc378a46d44fca1983"
"JuanNicolasJimenez","2021-05-19T17:37:39Z",9,3,6,"4dc4a7e28c9519a013ffefd66c0f2a3bca697236"
"Vegely","2021-05-19T17:06:57Z",8,5,3,"08b8d32d4810750928b33fe40d5a681084c8bb2d"
"JuanNicolasJimenez","2021-05-19T16:55:55Z",156,103,53,"5b125a68e10a5c0b1e63803dc9f9d65a2b71cdb7"
"Vegely","2021-05-19T15:41:09Z",61,46,15,"ee557b4faef0c6cad23246bd8e528026295afdc8"
"dcblasco","2021-05-19T09:37:20Z",138,80,58,"814f57db9752675ed1bbb08be6e205be7277c733"
"Vegely","2021-05-19T08:44:09Z",80,60,20,"e5f19f9f2ebf17868456ff44d1ed6deb22926019"
"diego","2021-05-19T08:28:41Z",401,396,5,"20fc6445731df338988c48319374e36afaec3adf"
"Vegely","2021-05-19T08:09:54Z",36,20,16,"926fb52f24ef50b9e3f982eb43446ecc6e3923f1"
"diego","2021-05-19T08:02:30Z",47,19,28,"7913fe8bbbd17427db20f0d25153caf0006b8e52"
"Vegely","2021-05-19T07:43:35Z",24,17,7,"5b709b1a79ecd9bf0d1458e173a97b2e94575bb5"
"JuanNicolasJimenez","2021-05-19T07:41:59Z",142,48,94,"945bedf2326674dd1c8f2a7b8463312c2cbe7b86"
"diego22222","2021-05-16T22:33:53Z",64,64,0,"388704279fd8600752ced2140614876176ac348c"
"dcblasco","2021-05-16T20:24:40Z",0,0,0,"cb9f448744c8b7703c214c320f6a2292ae469479"
"dcblasco","2021-05-16T20:21:15Z",0,0,0,"5844ac1ed2dcef6e2ef83f1922b357f0431f4462"
"dcblasco","2021-05-16T19:44:11Z",0,0,0,"726a3a97afdcd8ef35a63e9f1b86ce022a039a05"
"dcblasco","2021-05-16T19:38:23Z",16,14,2,"f1a24e45898ef246fe1b1640ebcd97a24deaca4e"
"dcblasco","2021-05-16T19:38:19Z",0,0,0,"d4e464973a20fe8b8c8a20691d9135420d12bbed"
"Vegely","2021-05-16T18:32:09Z",16,14,2,"4b4b7e1f08185476ce43d1ef78a611416ad4c547"
"dcblasco","2021-05-16T18:05:51Z",38,31,7,"b0a057b1fc958687568cb05821ed9c9dfe6b3db3"
"JuanNicolasJimenez","2021-05-16T14:50:48Z",176,4,172,"1d174dceea873a454394f3d2aeacfd07636aab63"
"JuanNicolasJimenez","2021-05-16T14:49:42Z",17,4,13,"827788c15a68c2531637409047e4552cf5209d4a"
"Vegely","2021-05-15T21:43:41Z",109,20,89,"fdbaf46f68ecd73f08c168d2521a94c80d5dc74f"
"diego","2021-05-15T15:29:30Z",424,424,0,"456f6ab9664347af0d2209a31313fbbd60b592ee"
"dcblasco","2021-05-14T21:31:52Z",233,233,0,"de28314b469b32513c13c130e0f98b92dc316932"
"Vegely","2021-05-13T22:06:54Z",36,18,18,"b1cc6248bf6173716edaa46d4cd59b8d4711938b"
"Vegely","2021-05-13T21:39:43Z",9,0,9,"530ddbdec55aa540956e48842c0ed718c9db1384"
"Vegely","2021-05-13T21:38:53Z",14,7,7,"1bee3fd31d44a11d93ab4f4e2ea64204575bb856"
"Vegely","2021-05-13T21:10:35Z",2,1,1,"7f5d60fcf883aafc661637b263dea1df1213c1dd"
"JuanNicolasJimenez","2021-05-13T19:07:01Z",515,244,271,"af5fa5d6ad644d6693a428562a7924fa9d3fc0f1"
"JuanNicolasJimenez","2021-05-13T18:26:08Z",281,279,2,"b4cfc12dba059c65e59882d32da5d8ad36cc8cf0"
"JuanNicolasJimenez","2021-05-13T18:22:19Z",283,280,3,"697206aa20619767378a72e5fb1e899a3ca47b4e"
"JuanNicolasJimenez","2021-05-13T18:22:04Z",1094,939,155,"e44ca3029097839962ed285b6326e14638042551"
"JuanNicolasJimenez","2021-05-13T18:09:16Z",172,110,62,"1fef305fb3e11f7782d8f196a528c3a8677e0f01"
"JuanNicolasJimenez","2021-05-12T17:30:21Z",92,56,36,"70203701110f9ac8ef27c2a2f2c23df624a6ab48"
"Vegely","2021-05-12T16:43:58Z",62,42,20,"7c14511210b2d4e1537c969740c427fea5f93b79"
"Vegely","2021-05-12T16:34:56Z",77,37,40,"7cd8006688fc09a7e89638a0e56353d4737654b4"
"Vegely","2021-05-12T15:22:49Z",63,46,17,"113a4c5ef3fb76dbb677f8b3041523e73cac4146"
"JuanNicolasJimenez","2021-05-12T09:41:01Z",338,176,162,"7f06ab298104a2fd2d8824e736863db5ecac5219"
"JuanNicolasJimenez","2021-05-12T09:40:18Z",20,0,20,"65e0cb032f19c8ba1b18f2903bf069be30907352"
"Vegely","2021-05-12T09:27:04Z",338,176,162,"d848f5443e6f5de4949e3dc350204027b0a50670"
"JuanNicolasJimenez","2021-05-12T09:25:25Z",159,135,24,"8f6644bb868d643f43bed4a3e27d4c72fe43dde9"
"Vegely","2021-05-12T09:02:01Z",36,28,8,"6acc20a93400e862b56eb088d190f37060a89189"
"Vegely","2021-05-11T11:58:21Z",163,83,80,"12034305ceb92d252a17854b07e6281c79758520"
"Vegely","2021-05-10T16:45:53Z",1,0,1,"04b8efedf9e7eae7afa8703347bbd4f039981d3d"
"Vegely","2021-05-10T16:44:51Z",12,7,5,"182fe0b1c3e39ce2f102a26011117335cb0f4e73"
"Vegely","2021-05-10T11:41:03Z",63,32,31,"db1e978f5de3eaaab2f692a694949b4590a29304"
"JuanNicolasJimenez","2021-05-07T21:36:28Z",135,128,7,"bed30b1ebc9f156fc8193c4503f2da7350f1eb32"
"Vegely","2021-05-07T20:17:46Z",8,4,4,"718b2602cb311e651e5c3bbc82cd554be8c489e2"
"Vegely","2021-05-07T20:16:28Z",739,709,30,"083ab529a7440d46f60fd250d08052c865692658"
"Vegely","2021-05-07T20:15:41Z",0,0,0,"a0342df291acc657e135f511de9afb5f1fe6f358"
"Vegely","2021-05-07T20:04:54Z",0,0,0,"2d20f0b608a7121a9903c52ab12af7c39c5439ac"
"Vegely","2021-05-07T20:01:11Z",9,5,4,"b42354bd29caabe58033037e8b3ea82d8379996f"
"Vegely","2021-05-07T16:49:44Z",0,0,0,"f89a6b947c9306e4bc9296a37ad6db52b033c9b5"
"Vegely","2021-05-07T16:44:55Z",0,0,0,"5bfd10891eed1f98a73095c3c07e9a2ad5e41834"
"Vegely","2021-05-07T16:43:14Z",350,179,171,"9551357a5c585ff69143469626f143e26aa8e0db"
"Vegely","2021-05-07T12:57:23Z",166,127,39,"4399c662e6594898e61f92d2529d15627e7a189a"
"Vegely","2021-05-07T11:45:47Z",58,34,24,"22237d30769efbbb66b14f2b742e3254d955718d"
"dcblasco","2021-05-07T11:25:51Z",0,0,0,"90435d8cbaf623c5aae5ca5959da4d6d3f0ce586"
"Vegely","2021-05-07T11:03:10Z",239,134,105,"b920e45721fa437e2520660e6d93679cbc524eb1"
"Vegely","2021-05-04T18:37:47Z",397,225,172,"c3c429969b237036993d97908105b9a26f64c996"
"Vegely","2021-05-04T14:08:02Z",82,59,23,"0b60fc31fd6c56aad523037aa5760e34ffca6648"
"dcblasco","2021-05-03T19:59:36Z",0,0,0,"82f6c63e09f31345a393520089f380fade2742c4"
"Vegely","2021-05-03T19:39:15Z",70,62,8,"f64631f49c7c792f88da1ac0e5a115cbb6c0d330"
"Vegely","2021-05-03T19:07:38Z",486,187,299,"ccc3290a3fac51e2897df8a8847b648794aff060"
"Vegely","2021-05-03T14:30:37Z",860,681,179,"3d0a9668f9d5de28ad716b40066385dc77d358bb"
"Vegely","2021-05-03T14:08:59Z",10,10,0,"8a8db11707dca6a128bc2813310c42450850a4c4"
"dcblasco","2021-05-01T19:09:25Z",0,0,0,"52d186f01a6d06b368f18be4c6a32bebc547f1c2"
"Vegely","2021-04-25T14:16:11Z",30,11,19,"7487646d25a5c46714e752254c4fbe76c4a69709"
"Vegely","2021-04-15T15:31:10Z",6,3,3,"873c5b9e6b5c0bb80e87b9254fb63a84ff3729dc"
"Vegely","2021-04-04T12:32:41Z",265,133,132,"51bc5646690aab674d16d69324d39e66778122ea"
"Vegely","2021-04-03T23:01:51Z",4,2,2,"90b45f299b419ff9c68bbc461ce39ece0e59cf6b"
"dcblasco","2021-04-02T18:43:05Z",434,431,3,"8fb83a09e2f4eef5a8c746bb1487eaccaf33527e"
"JuanNicolasJimenez","2021-04-02T18:02:16Z",102,69,33,"a22b7d72a2378ff56e341b4745a899245f7fc017"
"Vegely","2021-04-02T17:34:49Z",6,3,3,"6b9e5fa34282be7e1bc10c354104bf5b3d53f8df"
"Vegely","2021-04-02T17:34:18Z",52,50,2,"9785315feb856d7e2c693a703ffc39a426a7ba24"
"Vegely","2021-04-02T17:16:59Z",12,9,3,"63257332977cf52c45efee6f9a93a20055d56cf7"
"Vegely","2021-04-02T17:13:59Z",1,0,1,"3a747b4d824953593edae62aae4d65b079ace280"
"JuanNicolasJimenez","2021-04-02T17:12:44Z",401,387,14,"6ea9dd5ee173aa23d0aa028932cabcb9c6111f9f"
"Vegely","2021-04-02T16:58:46Z",395,386,9,"9bff8c3430ecd8e0668cff068af878c27c2812c2"
"Vegely","2021-04-02T16:56:19Z",12,6,6,"4cd22ee79a636100a9b66afd9391dc5bb68e11fb"
"Vegely","2021-04-02T16:55:05Z",14,7,7,"0927ba1d191976dad1206fead887be56f81e06b1"
"Vegely","2021-04-02T16:53:12Z",112,71,41,"e6d16db6bacc454bdb9553343a082dd2949858e5"
"JuanNicolasJimenez","2021-04-02T16:44:00Z",77,14,63,"0acf74524b56df7fc34155e3a1463a0d48a10c96"
"Vegely","2021-04-02T16:32:25Z",7,1,6,"931a7c4731cb2f8e9de4174c046693fab2b368d5"
"Vegely","2021-04-02T16:31:10Z",110,51,59,"59576e600dbf1d355bc9f23ec3bbd959c0f7d9c8"
"Vegely","2021-04-02T16:26:49Z",37742,37742,0,"9a33ebe1aec48e933aa04b4bebd6cf49fd07207c"
"Vegely","2021-04-02T16:26:30Z",2,1,1,"18ca4e52b9ef22857b04a2e6bf73d0017905340c"
"JuanNicolasJimenez","2021-04-02T16:23:49Z",37742,37742,0,"33cb53d9434123351b683354b726972d5af4e700"
"dcblasco","2021-04-01T18:17:53Z",2,1,1,"8d45e9666c77d5f80bb2e875693a7e54d9092c66"
"JuanNicolasJimenez","2021-04-01T17:32:59Z",7,1,6,"cd435badeb0ec824ad6fa7f3636012f87782a5c0"
"Vegely","2021-04-01T17:12:50Z",2,1,1,"ec63564a51e58ee99a2d42c9bac5a0c32e4f266a"
"diego22222","2021-04-01T17:01:11Z",2,1,1,"62e494e8a8cbb763d35989e32c95bee0728a4d65"
"diego22222","2021-04-01T16:57:34Z",0,0,0,"3471f6552a507365d8ae20e792c185d0b685f1fd"
"diego22222","2021-04-01T16:43:10Z",1,1,0,"1489ae75e670e5c180511e184e0f03d833196d4f"
"Vegely","2021-04-01T15:02:17Z",6,3,3,"59f993cd165b5d6af7ae4a1d5efe4d9a311d1cff"
"Vegely","2021-04-01T15:01:01Z",2,1,1,"623869afe6007407e030375f6f62a82b25c321a9"
"Vegely","2021-04-01T14:59:52Z",2,1,1,"6bb07f6dc4a2d277bc05fa85f7bc6c1eee3f68a7"
"diego22222","2021-03-22T09:09:51Z",2,1,1,"14ef7ce1aa22cf0252a03656c58b391f2bb11ba4"
"Vegely","2021-03-15T21:40:53Z",17,17,0,"8278c8709d1e610b0518d1105b2f624b4f3afb5a"
"Vegely","2021-03-15T21:36:28Z",34,34,0,"6eae461be3b1823b064af9f1abb9eebef7bae878"
"Vegely","2021-03-15T21:12:20Z",1,1,0,"16e88152b9b605f1a4a4fb93881dc0c69fcbf6c9"
"dcblasco","2021-03-14T13:10:59Z",2,1,1,"678091442bf6f9348cca28caceeb40b8bb02712f"
"dcblasco","2021-03-14T13:10:25Z",2,1,1,"418017f71d262337c44c29830481787ee523ef4d"
"Vegely","2021-03-12T12:01:38Z",2,1,1,"5e22dd66198afb3c80e348c4713418d812145cb7"
"JuanNicolasJimenez","2021-03-09T21:51:50Z",2,1,1,"8fe9ad9f855f3d59f3b2d7175de95901656987a9"
"Vegely","2021-03-09T11:05:51Z",2,1,1,"0467faced336adb95e25861742f49bc235b59837"
"Vegely","2021-03-07T10:34:54Z",5,4,1,"b217dd32079b00fd9a535fa814ce6253c21810b7"
"Vegely","2021-03-05T17:34:49Z",2,1,1,"33b97dbeeeb2749859f4f687cd18d2d40e40225a"
"Vegely","2021-03-05T17:34:37Z",2,1,1,"dac9c7a4b654e972cb6ef29a2ee599195eb1414f"
"Vegely","2021-03-05T17:29:31Z",6,6,0,"b300cd897083e764dcdd82df4f34f3d10e86b82e"
"Vegely","2021-03-05T16:23:05Z",2,1,1,"363084720406612ee81f51f245c9824122f6979c"
"Vegely","2021-03-05T16:19:14Z",0,0,0,"01f72eaeb89f88987c725171da8463886ae50816"
"Vegely","2021-03-05T16:19:05Z",8,4,4,"1ac6c2ca69e989437a6dea806c15a91499e16371"
"Vegely","2021-03-05T16:17:20Z",9,6,3,"7c594406c8f072df4f2f5bdc98b87b4a004ed252"
"github-classroom[bot]","2021-03-05T16:09:39Z",737,737,0,"a7ee2d5d611aecd05b5a158d28bf021edaa15a3c"
