"name","date","total","additions","deletions","sha"
"Cnbados55380","2021-05-28T18:43:15Z",2,1,1,"2e7967cc1b64233fd1bcaa4a772cf5555b888ef7"
"Cnbados55380","2021-05-28T16:51:01Z",6,3,3,"d181d59fb6e08b6e36b5a9e815c555ddb9c46a10"
"Cnbados55380","2021-05-28T16:49:56Z",209,0,209,"4db2c9b05d6b5222d798298a6187c98a9562dca0"
"Cnbados55380","2021-05-28T16:49:08Z",0,0,0,"a96219a5e8ee90ac828202751bc92e6c061bbc37"
"Cnbados55380","2021-05-28T16:48:55Z",4,3,1,"9900ebc71b7d061475d9d15c4d1e16bb829efd95"
"Cnbados55380","2021-05-28T16:46:57Z",1,1,0,"c831a6d0255b7f07b8a9d9851fead1ebf7bf036f"
"Cnbados55380","2021-05-28T16:45:05Z",155,77,78,"de102cf11be32b8613be3723ab853f4bcff07c32"
"Cnbados55380","2021-05-28T16:06:46Z",15,0,15,"f363f06977e03bb27350082fab47acfd2b7d9b0e"
"Cnbados55380","2021-05-28T16:06:34Z",86,0,86,"48cab5008885e71f3e7464ba1a7d2e64d6cd974d"
"Cnbados55380","2021-05-28T16:06:06Z",52,0,52,"194a50b59b0beedf6e0dcef31ff4428ee9d9dcae"
"alejandro55393","2021-05-28T15:58:52Z",38,0,38,"840d0869a20dba5370acbbfd4e1ba1b2640f0e32"
"alejandro55393","2021-05-28T15:57:08Z",33,14,19,"c63c85e2e4776b3744106ca35c7f3381fc30498b"
"Pabloroosario","2021-05-28T10:04:33Z",4,2,2,"fbfc096800c40f24517d412abcf96fef73c9e5ea"
"Pabloroosario","2021-05-28T10:00:06Z",2,1,1,"9aaf3be4027c59db2121d9c1a54ee1ea0b597828"
"Pabloroosario","2021-05-28T09:57:18Z",29,20,9,"f15c38b28dfbe76bd79d433bc4bfc02d6927a97a"
"Pabloroosario","2021-05-28T09:37:47Z",8,3,5,"28ad62881120bfcda124a108da56801a910bed71"
"Pabloroosario","2021-05-28T09:35:10Z",8,4,4,"95571d532ca0beea1472b1367d4db1191dc59080"
"Pabloroosario","2021-05-28T09:29:56Z",4,2,2,"43085bb64fd7cb6b42668bbe7ecd6add87e5cb23"
"Pabloroosario","2021-05-28T09:28:57Z",0,0,0,"77ebfc46ff123098a000e0509d6d7ccc97740c1e"
"Pabloroosario","2021-05-28T09:28:04Z",0,0,0,"5b20f106c44154e80aa4372a6df687fa13cb3108"
"Cnbados55380","2021-05-28T08:57:24Z",0,0,0,"0a0cdc10d35d8403108b73fe694c7b99d6af6703"
"Cnbados55380","2021-05-28T08:57:01Z",0,0,0,"4c84233ad9ca2c7c28b1a759d2e7d0eee32ddd02"
"Cnbados55380","2021-05-27T22:00:12Z",57,57,0,"a32276d13fe1feb33477f4ca280386750491eaa7"
"Cnbados55380","2021-05-27T21:58:49Z",360,360,0,"5989036a3e4c12bda694cc1537312625f8812400"
"monicasacristans","2021-05-26T09:16:30Z",52,52,0,"d6f879ead4911a96f60cfb5816c6a1e3ab645a00"
"monicasacristans","2021-05-26T09:15:34Z",209,209,0,"865ed66e622c103c2c311bda848e88435a1473b8"
"alejandro55393","2021-05-24T18:19:13Z",38,38,0,"e6fc71f85f8a50c5d9eea851b4dc01539ce11072"
"alejandro55393","2021-05-24T18:18:40Z",113,113,0,"ca5c71b2740d990d2521d7dc2d6d7c79aa4b14cb"
"Pabloroosario","2021-05-24T13:55:06Z",37,32,5,"8770fdb22fc12bc37a1c5e93286d27b9fdca468a"
"alejandro55393","2021-05-24T10:17:51Z",15,0,15,"e61c96d29d924f57f4978e8792c771cf3b3d6953"
"alejandro55393","2021-05-24T10:17:20Z",191,0,191,"a10895873b337844b474b6db9800c4f94f92c54e"
"alejandro55393","2021-05-24T10:17:10Z",190,0,190,"57c8c4dae86edfe98f9a73c6f6d4861734def85b"
"alejandro55393","2021-05-24T10:16:29Z",0,0,0,"ee954e204323b8782652a02b0e4604a5b613935d"
"alejandro55393","2021-05-24T10:16:12Z",132,0,132,"771bd45d73d9aec593fd5910c22dc96a4ec46f72"
"alejandro55393","2021-05-24T10:15:25Z",0,0,0,"2edda6cd0d7f87ed1285ff42407e95d4c00ca89b"
"alejandro55393","2021-05-24T10:15:15Z",0,0,0,"aa7dc152e046f8d82fd0cb1db46217155ae46f70"
"alejandro55393","2021-05-24T10:07:37Z",15,15,0,"72cb8483e7012f06e5b37c4d8b732502e17b9f0d"
"alejandro55393","2021-05-24T10:05:43Z",86,86,0,"64aecdb2e79648d7e872494c00d37ce3dc3d5245"
"alejandro55393","2021-05-24T09:34:55Z",429,429,0,"4b5d27a33a4d6343654bd2aaf441200ffdfe65f5"
"alejandro55393","2021-05-24T09:33:52Z",0,0,0,"ea5521cc3c667c7caa66ee9a112ec97920bb8d63"
"alejandro55393","2021-05-24T09:32:30Z",0,0,0,"dc3c227e5880e61135b20ba4db1e20ca301497e6"
"alejandro55393","2021-05-24T09:17:17Z",16,15,1,"6f43ff2c505194396c2adee33c448da8f20e6d4b"
"alejandro55393","2021-05-24T09:15:27Z",1,1,0,"82f6123b42184684b63616d360e3f5b7a8d7f94a"
"Cnbados55380","2021-05-20T10:33:55Z",124,0,124,"1f09ec9329fdd6868954347c7980e7f4862dc5d4"
"alejandro55393","2021-05-19T09:28:08Z",4,2,2,"6f88dd30f7c1baef84dc8905eca8d27d66594943"
"alejandro55393","2021-05-19T07:59:59Z",2,2,0,"69fd64e6bf182692b90a5acacdad391b863d7c1b"
"alejandro55393","2021-05-19T07:59:12Z",2,1,1,"f5645f88ac531fbab9c2b047227dda0318e0f588"
"Cnbados55380","2021-05-18T21:19:03Z",5,5,0,"0949da679ed51d49e07245101b5bacea79310d14"
"Cnbados55380","2021-05-18T21:08:49Z",38,19,19,"6657fc747fb1ca2f9a53c79c1629f79d67424bb9"
"alejandro55393","2021-05-18T18:10:29Z",0,0,0,"ba88d4a8362c45e498613fcd587d1ef5e70ed240"
"alejandro55393","2021-05-18T18:09:39Z",132,132,0,"1a35b88ce6c4de22d88bf0e6d7a03bb8e8b1e26f"
"alejandro55393","2021-05-18T16:57:19Z",49,49,0,"eb3784760ea1f5c7ac34ba2095f477b236b771ef"
"alejandro55393","2021-05-18T15:21:05Z",0,0,0,"55b2cbd6895b5ca0f0c0098def592b4ef8de2451"
"alejandro55393","2021-05-18T15:11:57Z",1,0,1,"61fb7771de568a5961dceb35fe808d0bbc556279"
"alejandro55393","2021-05-18T15:10:10Z",1,1,0,"1cda041ceac63a67d12f2de8c29a6a17ffbcc19b"
"Pabloroosario","2021-05-17T16:34:35Z",2,1,1,"1b1c4d6f997554c54b8977b8355c094efb3a543e"
"Pabloroosario","2021-05-17T16:33:39Z",2,1,1,"8098cc8d87ae33b677e031fd2f92d8cf7c2419bb"
"Cnbados55380","2021-05-04T10:28:50Z",190,190,0,"c88c2d3302ed6894af483f09e51524246298381d"
"Cnbados55380","2021-05-04T10:27:32Z",191,191,0,"9983f9f42d0e3253aedac2b368e618b9f42d36ba"
"Cnbados55380","2021-05-04T10:24:46Z",124,124,0,"195d21598dbd53d31389a1f04d2a04b8b74297f9"
"alejandro55393","2021-04-26T17:21:05Z",7,4,3,"bb347c685adb1284157c0c8da18658da243f7cfe"
"monicasacristans","2021-04-26T17:07:05Z",2,1,1,"000e704803590645cf91ceef16603a1b5f147a1d"
"alejandro55393","2021-04-26T17:05:39Z",2,1,1,"11d088e7e9e3ec45ead0e2751657100c29fea301"
"Cnbados55380","2021-04-26T17:04:56Z",4,2,2,"e0f575ebc40bd4b8f468db6bd0115e34cfdff147"
"alejandro55393","2021-04-26T17:04:37Z",2,1,1,"26e0b3d0a37f0f1a68d305888c4081b3a75ce0d2"
"alejandro55393","2021-04-26T16:55:48Z",18,12,6,"72e7833b10ed7ea6e45cf650c23c26ca972cbd1b"
"github-classroom[bot]","2021-03-15T22:49:13Z",737,737,0,"9e295ad6aa61aada5fd6ce4455528750504afce0"
