"name","date","total","additions","deletions","sha"
"Alberto Valcárcel González","2021-05-29T07:39:18Z",6,5,1,"b313a117504ef506ae993f0fcff1f0af8362239c"
"Alberto Valcárcel González","2021-05-28T20:39:55Z",874,438,436,"4aca29abe175469d23ed894a5d4957bd2c265ce1"
"JA1Me23","2021-05-28T13:30:56Z",220,167,53,"7dfe691d3619d286ddbccbb40ced0810b4c7ac0d"
"ASB02","2021-05-28T12:42:50Z",165,165,0,"cde3a7a97e5f6c6fe49b34f627026c1f728f7cf0"
"ASB02","2021-05-28T12:41:50Z",187,187,0,"bee8a55ddae280e419d2d5d1ef4d4e474e710977"
"ASB02","2021-05-28T12:40:55Z",46,46,0,"0b2fe013f1881ed7d3b23e64e99a60f725062e03"
"Alberto Valcárcel González","2021-05-28T07:28:09Z",10,5,5,"74893493ccb46fb8c389a159376c839b41a5a7a3"
"jqviy","2021-05-27T21:03:49Z",2,1,1,"a610751f3da157b68982a7e5dd0124ab38acab7f"
"Alberto Valcárcel González","2021-05-27T20:54:22Z",2,1,1,"96da3adc7307f6b5492280e0c203336c55b8a779"
"Alberto Valcárcel González","2021-05-27T20:51:58Z",730,730,0,"9e19ca43bac29c6e5c8fb98ae063de66fd7ce4be"
"pablovanden","2021-05-27T20:25:17Z",1,1,0,"056d03226e53177b4c9ffbded89c54dbb3b2442b"
"Alberto Valcárcel González","2021-05-27T20:21:46Z",1,1,0,"cee99accea00a8246c33566689a86b8fdaac9405"
"Alberto Valcárcel González","2021-05-27T20:17:31Z",2,1,1,"058dc7f0fb2efda5e3cfc1f56773658dc0089a63"
"pablovanden","2021-05-27T20:01:03Z",4,2,2,"15ff405a9e70a1ae9c686ee552a8916e5bdd88c8"
"pablovanden","2021-05-27T19:57:21Z",172,87,85,"a0365de39fdaf1d4061479c38b7dcb312c419f05"
"pablovanden","2021-05-27T18:37:41Z",152,117,35,"b7528ce0bafa7d2c11dde67d69bdfc636b750408"
"Alberto Valcárcel González","2021-05-27T18:30:07Z",376,223,153,"88eb105460b1666d92d96941944dbeaa9de2576c"
"jqviy","2021-05-27T15:06:54Z",37,26,11,"4c402d4ec7de8c8a7af75d538b4d2d73f46556ba"
"pablovanden","2021-05-27T12:31:40Z",562,491,71,"2a5f5a109d251d727f620712b6d1a42f5db02974"
"Alberto Valcárcel González","2021-05-26T15:11:04Z",108,108,0,"7c95472572678082b47cdc24721bde0c069c4c19"
"Alberto Valcárcel González","2021-05-15T07:40:15Z",1,0,1,"412d6a26f3023fefa83b0a57d699ed76d8fb85ad"
"Alberto Valcárcel González","2021-05-15T07:40:05Z",88,0,88,"da337ff365d8bcb33d03a548d86169cf2ea14234"
"Alberto Valcárcel González","2021-05-14T09:33:54Z",34,0,34,"4ea2af2935e781330efdac6508771c91fea7d19b"
"Alberto Valcárcel González","2021-05-06T16:52:42Z",0,0,0,"98852d4bf190bbd40643ad66c0b306bb688d7609"
"Alberto Valcárcel González","2021-05-06T16:52:21Z",0,0,0,"d45842f712b74c6d7a13a0634bf8840607c658a1"
"Alberto Valcárcel González","2021-05-06T16:44:24Z",1,1,0,"209e7f5525c028646c7247caf55750a216c0e09a"
"Alberto Valcárcel González","2021-05-06T16:40:41Z",2,2,0,"d110b257bd853bf225712be3fb92954e74a70079"
"Alberto Valcárcel González","2021-05-06T16:40:17Z",2,2,0,"a9f1b67b52ac728f83c91a745474f638f45d81f0"
"Alberto Valcárcel González","2021-05-06T08:51:19Z",85,85,0,"54d657003f3d0a521f62d0894ae2e7bcbd02403b"
"Alberto Valcárcel González","2021-05-06T08:49:55Z",85,0,85,"1850a2baa0a12fb7979955ff4bde87bf2e20fd75"
"Alberto Valcárcel González","2021-05-06T08:48:26Z",86,86,0,"026033e4133b1311552449b2ded0bc83688f2c30"
"Alberto Valcárcel González","2021-05-06T08:47:36Z",33,33,0,"29cea74415bc920d2f779b781ffdbcd5225323b5"
"pablovanden","2021-04-24T22:30:05Z",109,99,10,"243dd93aa6cae78524f697519c3bc9ddccf7b369"
"JA1Me23","2021-04-21T14:45:03Z",0,0,0,"796f32199fb20b3c8977d9dbdb6b0bdcfccb3998"
"JA1Me23","2021-04-21T14:44:46Z",0,0,0,"e8340115be7ddb87caaea31025fa54c8ae8246b8"
"JA1Me23","2021-04-21T14:44:20Z",0,0,0,"de8a2d87ffbf73287718762404156abc415f8123"
"Alberto Valcárcel González","2021-04-18T17:13:42Z",1,1,0,"a63d9ff9d79f11fce02aa5f2c5623e2c1dd9232d"
"pablovanden","2021-04-18T17:12:46Z",32,32,0,"9a1583aef38de25c5a95dd8add1301a4632b953e"
"Alberto Valcárcel González","2021-04-18T17:12:34Z",1,1,0,"b3d396034e1a974f41be5124526748f664c256f4"
"JA1Me23","2021-04-18T16:07:16Z",0,0,0,"90c1ea0c8b241cddf69c18943ed1c1de033657cf"
"JA1Me23","2021-04-18T16:06:27Z",0,0,0,"50779a76536a87815111ef2b01f21a62a1793f57"
"JA1Me23","2021-04-18T16:06:21Z",0,0,0,"e8d95eca7a12e99cf18dcfd4c5b005dbdc7b8c66"
"JA1Me23","2021-04-18T16:06:07Z",0,0,0,"a2ed330edda16ea671bbdbe4ee6cbfdf75a0a813"
"JA1Me23","2021-04-18T16:05:38Z",0,0,0,"f913b3cff885328833b74140d74d0f0468ac1e2b"
"JA1Me23","2021-04-18T16:05:14Z",0,0,0,"a00d028e83657f790f35a8df331de5227657571c"
"JA1Me23","2021-04-18T16:03:56Z",0,0,0,"71d0d9a339c66c6450a062f820eeb084d4344a86"
"JA1Me23","2021-04-18T16:03:13Z",0,0,0,"6f0b6514d31d739f88a01e93b47a4e963787cf5d"
"JA1Me23","2021-04-18T16:02:33Z",0,0,0,"a63429b9ed1926bbe315d7114f1bfe9c4979f00e"
"JA1Me23","2021-04-18T16:01:44Z",0,0,0,"6b1d78dc56aec88594bc67358a7b31ee12e8a6df"
"pablovanden","2021-04-18T15:54:22Z",1,0,1,"9d998e21b12d75b89329a3f91074a3cc664bf6be"
"pablovanden","2021-04-18T15:54:11Z",1,1,0,"528f4ba8b7afe31aedf6de5dd087f213127475db"
"JA1Me23","2021-04-18T15:50:50Z",1,0,1,"295f440ef4cf3592aa24ff34078044b1e4fe4c25"
"JA1Me23","2021-04-18T15:50:14Z",1,1,0,"750b93e3dde11f7638b23b921a1fcd36b7c2075b"
"JA1Me23","2021-04-18T15:48:47Z",0,0,0,"e08e30bd57264bb69eca5eade55e59fdbcdd19e3"
"pablovanden","2021-04-11T14:36:43Z",6,0,6,"d3d5034128fd01df76fa88ca6fce03043d633b93"
"Alberto Valcárcel González","2021-04-11T14:35:10Z",6,5,1,"ecf708dd6b9d9ab83fdaff1e694842757c7d63e2"
"pablovanden","2021-04-11T14:34:37Z",1,1,0,"c5794864c6e04c7ad36e96daaca11c872d38bb74"
"Alberto Valcárcel González","2021-04-11T14:34:14Z",2,1,1,"a2feaf88ee3ade7f37d988cd8d50b9f899a32b88"
"pablovanden","2021-04-11T14:33:50Z",1,1,0,"67e354703f7439eff7d3c9fedc7d342a8b11f397"
"Alberto Valcárcel González","2021-03-10T17:18:57Z",10,5,5,"f5eb8c53a8aab29aa323b0a22dc7a38550d43f56"
"Alberto Valcárcel González","2021-03-10T17:18:21Z",8,6,2,"07679c4b69c6ae9ded3678f8f939fa1773504404"
"Alberto Valcárcel González","2021-03-10T17:15:44Z",2,1,1,"865c3449015937ab667a1332bf58816acf1291fd"
"Alberto Valcárcel González","2021-03-10T17:15:04Z",4,2,2,"1032da802dab509a882db995f63ecdc301aedacc"
"Alberto Valcárcel González","2021-03-10T17:14:32Z",2,1,1,"bee2262160427da38c6889ea02eeaf5f14d9af6c"
"github-classroom[bot]","2021-03-10T17:01:12Z",737,737,0,"92877467f9f278141916cef158d78caf07e2b494"
