"name","date","total","additions","deletions","sha"
"Miragallas","2021-05-28T21:54:48Z",4,2,2,"c4e3f65826d73bc945c5f7719a368174a3ed3fab"
"Miragallas","2021-05-28T21:33:33Z",196,130,66,"4a99bfd7483b2f06aecec1a48841c00ede319abc"
"Danileganes06","2021-05-28T10:31:19Z",0,0,0,"7267a4038f7d6d1e17711cffb9b6d123cc4b4159"
"Danileganes06","2021-05-28T10:24:14Z",0,0,0,"572bbd57250ff518c4ac1905b43a8e210a53f567"
"Danileganes06","2021-05-28T10:24:01Z",0,0,0,"01c331aed27a6594ba7cf3658e336a66bfb87ccf"
"Danileganes06","2021-05-27T22:47:37Z",0,0,0,"fa24d9c6bcc602607a232b0f7f5cea5b4f0dada3"
"Danileganes06","2021-05-27T22:47:13Z",0,0,0,"0afa624e8296e501127cb7607e7ff0c07f1af08a"
"Miragallas","2021-05-27T22:43:32Z",47,22,25,"f495cd3c065d2438e95e386ef5c401077a9cb57e"
"Danileganes06","2021-05-27T22:42:39Z",0,0,0,"e3db54231b2ab4f78d98d13456b6a1e09bc30144"
"Danileganes06","2021-05-27T22:41:54Z",0,0,0,"d06e68fdac742167ec901b8b7369a837570eede7"
"pcantin8","2021-05-27T18:31:38Z",88,44,44,"1b3d65f41b5b818f69ac78c55c81b8863506831d"
"Miragallas","2021-05-27T18:14:08Z",220,110,110,"c6e7ebf9986f3dad17e4b922b22d4fa9d8ceac74"
"Miragallas","2021-05-27T17:39:18Z",67,50,17,"95bda018b8b7fd26965c534625f48b6395907fb5"
"Danileganes06","2021-05-27T16:46:09Z",0,0,0,"cda743a3f06326534236d5d141f1d965a07fe3e1"
"Danileganes06","2021-05-27T16:28:41Z",0,0,0,"fed494f4dc2c694aeaf6802991271cbc9c67afb2"
"Danileganes06","2021-05-27T16:06:42Z",0,0,0,"0f69b7d0189f6bb99f5191009c3b3061d41078e3"
"Danileganes06","2021-05-27T16:06:19Z",0,0,0,"791ef035785bcba0acf9a7da8a2c73db0b8b9eee"
"Danileganes06","2021-05-26T10:12:23Z",0,0,0,"4674cfdeb4e21f8998880079c9d43dfca560d333"
"Danileganes06","2021-05-26T09:38:42Z",0,0,0,"78d7769a42a83cfa4ca2413d4a31de3b14b5f711"
"Danileganes06","2021-05-26T09:18:54Z",0,0,0,"79f4c4e291c62d38b9f144b78dfd190673ab3bf4"
"Miragallas","2021-05-26T08:47:59Z",2,2,0,"3cbe4cf4f05c8efbc11e7b80a1f19344598b2c7c"
"Miragallas","2021-05-26T08:47:41Z",0,0,0,"75dddc8cf0a3a68e408cffcbf65928ffb834a408"
"Miragallas","2021-05-26T08:47:11Z",22,22,0,"5958227bd8759cb840db5ff7e205627313987449"
"Miragallas","2021-05-26T08:45:13Z",2,2,0,"5bfbcd00dd911ddd21ea42e66e40ce36a4aed146"
"Miragallas","2021-05-26T08:44:49Z",2,2,0,"5b5061faf207addcc5af069cb8a059e7c2cd3e1f"
"Miragallas","2021-05-26T08:44:32Z",2,2,0,"d6d4ce41c935c007b4d9a629e97327576d584740"
"Miragallas","2021-05-26T08:44:08Z",2,2,0,"b4a26055ec0eaca15ee373db0914577c0058f8e7"
"Miragallas","2021-05-26T08:43:48Z",2,2,0,"8d1cdbf78d7e55dcd43a67387391e0655152fa62"
"Miragallas","2021-05-26T08:41:40Z",1,1,0,"85aa0085a1af93d451c9aba034dd413438550fc9"
"Miragallas","2021-05-26T08:41:03Z",18,10,8,"f353e55bee98cc986f60c214f261a48504397bc8"
"Miragallas","2021-05-26T08:40:00Z",26,13,13,"9c159290ed76ca9c16a56c6e0fc2d865d36f513d"
"Miragallas","2021-05-25T21:46:28Z",6,3,3,"08f1c19958937d1f3554fc10e6b8f597c21adf6c"
"pcantin8","2021-05-25T11:56:15Z",1173,1066,107,"1c89d2a675fd6d51dc71d40cbf386c1fe7e5c8c3"
"pcantin8","2021-05-25T11:55:15Z",1325,0,1325,"e39be4d812245a8d874c19a8e17aea4f21277281"
"pcantin8","2021-05-25T11:48:01Z",1325,1325,0,"2efa349929840f266f865c6586c3cf25e6b4dab7"
"Miragallas","2021-05-25T11:25:55Z",0,0,0,"3edce4a1a2f5074ca4b99a71674fb429366a7e69"
"Miragallas","2021-05-25T11:25:29Z",6,1,5,"3925fa1d9bef0d32228101918f52a0be2cb5f2e6"
"pcantin8","2021-05-25T10:59:44Z",380,380,0,"24d83f1c53656d1e689dc483e148a2c10171ef0a"
"Miragallas","2021-05-25T10:58:56Z",467,0,467,"404120615c8c23328d974fd76a153ff729268c5c"
"Miragallas","2021-05-25T10:57:50Z",26,0,26,"5133a09a38793a259eb45d3e10de7329e1630210"
"Miragallas","2021-05-25T10:57:32Z",0,0,0,"3787ed6f443396dc1d07d1fb2ea87b8e12d63b86"
"Miragallas","2021-05-25T10:57:13Z",6,1,5,"13f66e4f0f59828f50cdb383c5bab3c21ef4c5a2"
"Miragallas","2021-05-25T10:56:21Z",2,1,1,"e5c09cbb25b25c3050236c8d35412f6e32263849"
"pcantin8","2021-05-25T10:45:20Z",471,471,0,"784762cde100e09772b23ba5f93a0b03f8ecdb3f"
"Danileganes06","2021-05-14T09:35:30Z",0,0,0,"6ea39b5778477a5589e4bff15475ae8d53b52365"
"Danileganes06","2021-05-14T09:35:12Z",0,0,0,"9e4532ddfbaba43f8569bc13129c3f686ccf5e4d"
"Miragallas","2021-05-14T09:28:44Z",214,205,9,"5651c5e6eb958e49bade069680076817fccc7317"
"Miragallas","2021-05-11T16:52:18Z",2,1,1,"09afed76f8d8d1c8a993d020f79e0a4c4ddf33f6"
"Danileganes06","2021-05-07T08:34:11Z",0,0,0,"30f63ccd2a8118a248a110d4333eea1277601cd5"
"Danileganes06","2021-05-07T08:33:54Z",0,0,0,"609e7d0454ffa3c6a47af1d7b87c8dde0129def3"
"Danileganes06","2021-05-07T08:32:13Z",0,0,0,"cdcc08d8a80538378655c75d35227006fcbde881"
"Danileganes06","2021-05-07T08:31:30Z",0,0,0,"ffe901826d9589f267da1f66508c0115d925e677"
"Danileganes06","2021-05-07T08:30:24Z",0,0,0,"21e5212518a1aef64d0cfde70c0812295d16d892"
"Danileganes06","2021-05-07T08:29:16Z",0,0,0,"2bd582cf41a2c173a9f53b1043b806071d465b87"
"Danileganes06","2021-05-07T08:24:02Z",0,0,0,"1d52fd571aae66260a18c91e373a8f437e5af52c"
"pcantin8","2021-04-30T09:18:41Z",52,26,26,"bbb76fd28b85a8075762846799de248ba01464d7"
"pcantin8","2021-04-30T09:17:33Z",27,26,1,"7e2adca0812112e577178276fe3c2111c9eb9fd9"
"Danileganes06","2021-04-30T09:16:45Z",76,62,14,"3e18ff5bb8b28595475a6c4b8e49a7bfc97266ab"
"Miragallas","2021-04-30T09:14:47Z",1,1,0,"0c08052db56b6907b8b25167944d4ff427053ed8"
"Miragallas","2021-04-16T15:13:26Z",138,107,31,"a8753188ff07b0411ea08701b30524df8417e2dd"
"Danileganes06","2021-04-16T08:03:48Z",0,0,0,"dc877c035867de170b1a7df733c7b9d74fd5a376"
"Miragallas","2021-03-22T22:58:34Z",60,44,16,"7f780f91ed309a9b6690dc0591064c7b2e04aee3"
"Danileganes06","2021-03-22T22:13:02Z",0,0,0,"5733b6443033f66a13d2f7c6f6b20f33c2e26191"
"pcantin8","2021-03-22T22:10:06Z",18,18,0,"cb18db7c108ceb81cecef1ce92cff885ce2b5eaf"
"Danileganes06","2021-03-17T16:06:29Z",13,0,13,"3a91e5099f7b8fb6ff688f187d8e004e57eb956c"
"Danileganes06","2021-03-17T16:02:59Z",15,13,2,"33d6a7affc5a9f23e2a87205ae967466df7826c5"
"Danileganes06","2021-03-17T16:00:53Z",2,2,0,"60d71ca7c0ec8183528c5f7955e916a6dc0d185a"
"Danileganes06","2021-03-16T12:01:36Z",2,1,1,"a7de7a4f869a03efbb2061c5920560f3b924c0d2"
"Miragallas","2021-03-16T12:00:38Z",4,2,2,"91165f32f7bd6f7f8f8febeefcc30d6c2515c233"
"Danileganes06","2021-03-16T11:41:08Z",2,1,1,"c4c06614d7cba51b7329db951292da54b10c9e66"
"Danileganes06","2021-03-16T11:40:22Z",26,13,13,"17167145a927dff1fb49f61426865d690d93e0bf"
"Danileganes06","2021-03-16T11:32:17Z",4,3,1,"306d1a4ddf73ecc3436120c2c63e2cd55faf1fba"
"github-classroom[bot]","2021-03-16T10:40:44Z",737,737,0,"84645210c0f9e98b8ab08186259e1a741aa25d77"
