"name","date","total","additions","deletions","sha"
"OmarFL","2021-05-28T16:20:46Z",131,0,131,"6943458db1ef577b2008619875b3d232eb349d7c"
"OmarFL","2021-05-28T16:20:29Z",606,606,0,"7a1437620294a9bb85ee5554b1399f2076c2606c"
"Eugenio-Fernandez","2021-05-28T11:04:21Z",359,359,0,"47525700b113e81805b60f344dfb67171e43e540"
"juanpablodemiguel","2021-05-20T18:07:33Z",10,5,5,"82a651bb9bdf0d4e08f8e24edf8084636625ee58"
"OmarFL","2021-05-19T20:27:21Z",4,3,1,"b3e7147f29f6eedaa17174a61fe62742bec72e8b"
"OmarFL","2021-05-19T20:26:17Z",29,1,28,"ee5ab50ebedd3e0cb6526b7350f99d36f48ba518"
"OmarFL","2021-05-19T20:10:57Z",6,3,3,"5fbd8e6349858ceddb90d4755d734e5d334f8644"
"OmarFL","2021-05-19T18:55:49Z",108,105,3,"c4ab94934328195bd0e6d1e1ffccb7ed1874c12c"
"OmarFL","2021-05-19T18:51:31Z",0,0,0,"ff0ac8439e5469732cc3cd75278c6dc3b2bbe1af"
"Eugenio-Fernandez","2021-05-19T18:06:28Z",529,529,0,"eca161b9ec266a65879b9d3c107ea4f6c97cf90d"
"ivanguerrero2002","2021-05-19T17:53:52Z",488,488,0,"abcd54d99737d6fa7ce3772891cd9cc802acf218"
"juanpablodemiguel","2021-05-19T15:57:54Z",52,27,25,"af651bb01cbe3839106ce4b620c26afa2d18ebbc"
"juanpablodemiguel","2021-05-17T21:39:23Z",65,35,30,"ce6f670138c4f03c0643eccada614e1661e0caa5"
"OmarFL","2021-05-16T10:41:36Z",0,0,0,"f9a14fdb423b62825784febb7d466d279d585d32"
"OmarFL","2021-05-16T10:40:37Z",0,0,0,"139cbf2f9d6ea69c472239e307e3ab7ecd2c2f4c"
"OmarFL","2021-05-16T10:38:57Z",2,1,1,"3ca6c889c5ed818500a4be16570b29f1c386db3e"
"OmarFL","2021-05-16T10:00:33Z",2,1,1,"c388b4eee689a9d29a6c7c7490da9194a5ac4449"
"OmarFL","2021-05-14T17:22:57Z",2,1,1,"87d27e963e8758bdc1ad6e692a7f2b7c023a5af2"
"OmarFL","2021-05-14T17:21:25Z",0,0,0,"b0799cb22d696d9f5c20d85ecf1e630fd3d8aa52"
"OmarFL","2021-05-14T17:20:56Z",20,16,4,"11703229c38a103573807fb1e278a29f6a620be3"
"OmarFL","2021-05-14T17:18:15Z",1,0,1,"6955af0c70282f60821ce06c3631607a99801c1d"
"OmarFL","2021-05-14T17:17:34Z",1,1,0,"d29076e4c58a535b96491813465b536c78a9ce98"
"OmarFL","2021-05-14T14:47:03Z",0,0,0,"24fad7b20fdf716332123d90dc77588eb3a8d89c"
"OmarFL","2021-05-14T14:44:53Z",0,0,0,"6a2938e4a012409d942d93606ab79890f1469a43"
"OmarFL","2021-05-14T14:44:13Z",0,0,0,"97624feef49a15d7c3b5058efe848d1cd92c7140"
"OmarFL","2021-05-14T14:40:51Z",26,0,26,"6d4a517892ac0be1e2b349ea7f083d922d506d24"
"Eugenio-Fernandez","2021-05-13T19:46:22Z",157,157,0,"78c6a39349dec08dca2a80fb12c0871bf4011146"
"juanpablodemiguel","2021-05-08T16:28:54Z",20,8,12,"0fa60a1f11af671a73352e25742d667b94bf9b55"
"juanpablodemiguel","2021-05-08T16:00:15Z",68,68,0,"10e03dda1b27b483207d01f2063a7e20eb718426"
"Gallego1502","2021-05-07T21:46:14Z",55,55,0,"08b5e5c7d363399152fd7706b5acc3e2096fc878"
"Eugenio-Fernandez","2021-05-07T21:41:43Z",185,185,0,"67be9f0c366374667116f03557840c4ad2ad9b4f"
"OmarFL","2021-05-07T17:33:43Z",7,0,7,"9ddcefd5821830d83dff5d9f3090f52493ba1bf9"
"OmarFL","2021-05-07T17:31:40Z",0,0,0,"d5a5c448809eb3ab1ad05e66ffc6a30a8edbb37f"
"OmarFL","2021-05-07T17:31:07Z",42,42,0,"c91ae4ba97e875014206e5b88d5d766da3f392b9"
"ivanguerrero2002","2021-05-07T15:46:35Z",0,0,0,"43fb383fea391fdbb7dba906efc16921f6eb2378"
"ivanguerrero2002","2021-05-07T15:38:36Z",0,0,0,"dd6c710a471462b31dc56093814b20bc20aabd5b"
"ivanguerrero2002","2021-05-07T15:35:15Z",46,46,0,"e2460a1db3a309c6b33af6a61a5601c8d9a87dee"
"OmarFL","2021-05-07T14:58:49Z",2,1,1,"35946a32e8f2d3719afb9c117dd02cac756236a8"
"OmarFL","2021-05-07T14:58:34Z",180,180,0,"e9caa56903b6114d6c01c6a18d82d3e76401a8ca"
"OmarFL","2021-05-07T14:58:04Z",1,1,0,"bbf045b0e15a75accf0ca849b24393bfdeb6d3a5"
"OmarFL","2021-05-07T14:56:28Z",1,0,1,"4f7ec6fec1427ae8cf4e35d0789ed1468ba14b4a"
"OmarFL","2021-05-07T11:42:39Z",1,1,0,"fbe60a9bba037a30eee870cdd86fe87650596815"
"OmarFL","2021-05-07T11:42:11Z",2,0,2,"dffac37902cdff4267027a3fbbb26f520b8e37dc"
"OmarFL","2021-05-07T11:41:26Z",1,1,0,"5c5ffc59b33e9e164061a69533fef22b03f7b0ed"
"OmarFL","2021-05-07T11:40:57Z",1,1,0,"f8064a3054d1faff017fbdb061be2f5141b5f6cc"
"OmarFL","2021-05-06T13:00:56Z",0,0,0,"27214d9dcf4ca8b58704fb84eea30030cf2d995c"
"OmarFL","2021-05-06T13:00:36Z",0,0,0,"0fc43e0d58b1335c6264706518a9cb934520836d"
"OmarFL","2021-05-06T13:00:00Z",0,0,0,"56aacdb61a22960f515efc594876ad660c510703"
"OmarFL","2021-05-06T12:59:49Z",0,0,0,"9434c66fa68072b6c6b3f256e99b2cdb7152aabd"
"OmarFL","2021-04-29T15:11:33Z",0,0,0,"ef46a4548919ce67c61e635099139c92ba84e85a"
"OmarFL","2021-04-29T15:11:20Z",0,0,0,"55102e45783a52af3d095689cbb2f8b232567e79"
"OmarFL","2021-04-29T15:11:05Z",0,0,0,"b45cfbe3f55a44c54af95ea5fc1f3e9d44a61f90"
"OmarFL","2021-04-29T15:10:52Z",0,0,0,"78b77a162bcbae8f5a27f01fc6fecae539dcf20c"
"OmarFL","2021-04-29T15:10:39Z",0,0,0,"5828b8570d6fdcbd0a207c27900a5e3c7e2084f9"
"OmarFL","2021-04-29T15:10:27Z",0,0,0,"d48f5cd2cff6fe5e821dc89cc0d72d4f1dd3230b"
"OmarFL","2021-04-29T15:10:08Z",0,0,0,"8aa8817c3800a06ecb289be8f6bea1be6d63648f"
"OmarFL","2021-04-29T15:09:44Z",0,0,0,"05ce1a8ea7224c5f0fe09f20e1d55d8a2d8e4c47"
"Eugenio-Fernandez","2021-04-28T19:49:57Z",0,0,0,"029e40d46f86bcf2ff6424068415c0ca08dadb6e"
"Eugenio-Fernandez","2021-04-27T11:41:07Z",1,0,1,"34722aa505b22d7ae23b529ce96c498cb8939fae"
"Eugenio-Fernandez","2021-04-27T11:31:08Z",1,1,0,"e814b1391a50781cd766f07c5e1d69231b2b29bf"
"OmarFL","2021-04-17T09:59:38Z",26,26,0,"04e083c44f2440762aae2dc5fd095ba4cd814eeb"
"OmarFL","2021-04-16T16:09:17Z",1,0,1,"e318a2b9eea0e25945975276157558a5e79a6f7d"
"OmarFL","2021-04-16T16:08:57Z",0,0,0,"98c96f8e29594f616c269297a1e8c2f2cd8bf90d"
"OmarFL","2021-04-16T16:05:12Z",1,1,0,"992ac9937eb9059e6cf3e7063980f02c91185e76"
"OmarFL","2021-04-16T16:04:24Z",0,0,0,"e978e5e3a4dcb5faa2f59f00bae983e422417fd1"
"OmarFL","2021-04-15T17:32:27Z",1,0,1,"cad76ae99ab6bdb96658d1ec3b8affdceb0d9cc9"
"OmarFL","2021-04-15T17:31:54Z",0,0,0,"5c50b137f6f55c94b1ec95cb12407943a47d45a6"
"OmarFL","2021-04-15T17:31:37Z",0,0,0,"101b15b4874e818fc8880ef922128b7b7df9abc6"
"OmarFL","2021-04-15T17:31:20Z",1,1,0,"0f1f844657f2e22bd767f647f38f7f3e990a4759"
"OmarFL","2021-04-15T17:28:32Z",1,0,1,"bb275fe5705b91530a60cc2fa68b7907cff84a93"
"OmarFL","2021-04-15T17:25:03Z",2,1,1,"502e7f116677a9303ca529f5fa9c6564c44760a4"
"OmarFL","2021-04-15T17:23:21Z",0,0,0,"a4f43cba18fdf4fdb22524d6b8155f0f7cbe9a25"
"OmarFL","2021-04-15T17:14:38Z",1,1,0,"7979657a7c8c0eabff7330d3d2161421ae22a7cd"
"OmarFL","2021-03-31T21:28:33Z",0,0,0,"f22afdfb05645ccfadd505e29986b472d29ebca5"
"OmarFL","2021-03-31T16:35:51Z",2,1,1,"03eb336495a6a2832343e79256275a80f49fa350"
"OmarFL","2021-03-31T16:33:31Z",0,0,0,"a3821990da61c69af9d159bfbd4317d5b72cca70"
"OmarFL","2021-03-31T09:09:32Z",2,1,1,"83c03267c50fa84cde7009c127532c97a5d778fa"
"OmarFL","2021-03-31T09:07:47Z",4,2,2,"5aaf38389d1e214ae4d3b7f306b3eb5939090f66"
"OmarFL","2021-03-14T15:31:05Z",10,5,5,"bae18f0502532cfd707adeb0b55cbbce38e97bfd"
"OmarFL","2021-03-14T15:30:24Z",10,5,5,"dc8344eb8eadadd2e6cd2bda407c14a6fb0f1bc8"
"OmarFL","2021-03-14T15:25:56Z",17,8,9,"c5cc636ffe0db64c220fb267cdbe4b578a81ec14"
"OmarFL","2021-03-14T15:21:17Z",9,3,6,"5cb99e172c3fbdc96918a8b19b3015e52823d1bc"
"OmarFL","2021-03-12T13:28:11Z",3,2,1,"df8899b0b1291c39b1affb94b17d15535ce6b921"
"OmarFL","2021-03-12T13:27:44Z",22,16,6,"1f83e51838ce2c115b3df06992f27ba94335ee15"
"OmarFL","2021-03-12T13:26:33Z",6,4,2,"acac95121e7636fa20220dc67b0b5557e6a951b0"
"OmarFL","2021-03-12T13:21:58Z",4,2,2,"72835751fb58666429948ce16757838a9f52aa2d"
"OmarFL","2021-03-12T13:19:28Z",12,8,4,"76acef7d792460718b14c81e127f41fdf16d0cec"
"github-classroom[bot]","2021-03-12T13:05:17Z",737,737,0,"ef0b842a6e7a151fa4881bf244c653641568132e"
