"name","date","total","additions","deletions","sha"
"Miguel 햚gel Pascual Collar","2021-05-29T01:11:52Z",3,3,0,"0bde3453975ab5147f2b7248fd9c6710f866ca37"
"Miguel 햚gel Pascual Collar","2021-05-29T01:02:20Z",2,1,1,"aee900c2561c904c499f0b231a054fee2f60d728"
"Miguel 햚gel Pascual Collar","2021-05-29T00:59:04Z",2,2,0,"bca8dc23a0a4ab8c5e274612cd57d41808cb00de"
"Miguel 햚gel Pascual Collar","2021-05-28T22:19:18Z",147,0,147,"07198de8a388723f19a150f68c3a310ec267ded4"
"Miguel 햚gel Pascual Collar","2021-05-28T22:19:11Z",71,0,71,"2d04f75e9fa6e895699b34536c043dee8a56de08"
"Miguel 햚gel Pascual Collar","2021-05-28T22:19:02Z",19,0,19,"241d48825c36b2acb01d24f124a2c2d018c0b1f3"
"Miguel 햚gel Pascual Collar","2021-05-28T22:18:57Z",63,0,63,"a5e52610f48a6f7d9c4c8e78cf3992dd02693a4e"
"Miguel 햚gel Pascual Collar","2021-05-28T22:18:51Z",25,0,25,"0a1d743094946e6ce05f60a2d571c7c82b131889"
"Miguel 햚gel Pascual Collar","2021-05-28T22:18:44Z",48,0,48,"adf611573d85589ba0ac4a42f1ccdcfe71103e61"
"Miguel 햚gel Pascual Collar","2021-05-28T22:10:12Z",2,2,0,"d5f8fe4d7564d33b774a8e7b82b423fd0734e690"
"Miguel 햚gel Pascual Collar","2021-05-28T22:08:55Z",9,5,4,"618949833e1d401eaaf85cfec48b71a0dc8898b3"
"DiegoRPeinado","2021-05-28T22:06:13Z",3,3,0,"d177e54655174c72cd72c83a3836532b6089aca5"
"Miguel 햚gel Pascual Collar","2021-05-28T21:58:25Z",3,0,3,"dc1f23bdd701bcd050c98a18810272c1ba8c33e5"
"Miguel 햚gel Pascual Collar","2021-05-28T21:56:47Z",2,2,0,"e6ff876556674179d4ed225fcb00307f89ee9cef"
"Miguel 햚gel Pascual Collar","2021-05-28T21:56:22Z",1,1,0,"4ecf0dd9dae209fa9de88b42eb21af68180ba22b"
"pmartinezconde","2021-05-28T21:50:09Z",2,2,0,"16e2ece16bd96bcb532a63d0b9711e534cea7f68"
"pmartinezconde","2021-05-28T21:42:42Z",3,3,0,"47b9cf3df858704a2dadde2e6b1c0fe7148f027f"
"Miguel 햚gel Pascual Collar","2021-05-28T21:22:30Z",2118,2118,0,"0533f7151bc56552c47c3f5ed1223c2adbe97484"
"Miguel 햚gel Pascual Collar","2021-05-25T20:06:47Z",2,1,1,"97478bb350133a6b76ea2ec7a0b2d464eca8d6c9"
"Miguel 햚gel Pascual Collar","2021-05-25T19:29:40Z",4,1,3,"ee448f0811beb28d6fc7ef2f212db0c25cd0a9ef"
"Miguel 햚gel Pascual Collar","2021-05-25T19:28:13Z",9,0,9,"a4813cc4f4dc8dbfc5eb9c4721c2c2f96e4b1a4f"
"Miguel 햚gel Pascual Collar","2021-05-25T19:26:53Z",41,13,28,"9a41a44c5d5c7c1d8e845bbdebc626f45fa611cb"
"Miguel 햚gel Pascual Collar","2021-05-25T19:25:40Z",4,3,1,"7b94632ad8c4b032a10e56323280d09c54bf3dc6"
"Miguel 햚gel Pascual Collar","2021-05-25T19:24:39Z",1,1,0,"6e98289604b022ef916568769dd7dba1579bf4a8"
"Miguel 햚gel Pascual Collar","2021-05-25T19:24:22Z",1,1,0,"6154722e1f0a4567fdd2ede3155b8e342d6737ca"
"Miguel 햚gel Pascual Collar","2021-05-25T19:23:51Z",3,3,0,"f5b3a09d29ff15e4335fb9c66f623dacfa821c37"
"Miguel 햚gel Pascual Collar","2021-05-25T17:58:47Z",6,3,3,"9354cdec0cd11938751fc81b5ccf12687781ea08"
"Miguel 햚gel Pascual Collar","2021-05-25T17:45:04Z",12,7,5,"c839daf4168634361756cf86f6b7852d4076ceb3"
"Miguel 햚gel Pascual Collar","2021-05-25T17:37:12Z",2,0,2,"1250e7d9daf9f89bfda213f7f7e3c0529bcd8274"
"Miguel 햚gel Pascual Collar","2021-05-25T17:36:54Z",13,13,0,"c12768dcbb83fe614c07154887210ccc059ee596"
"Miguel 햚gel Pascual Collar","2021-05-25T17:24:39Z",86,86,0,"3d8dca95729a71cc82a59d742a219e7dd99fdb2a"
"Miguel 햚gel Pascual Collar","2021-05-23T12:32:42Z",2,1,1,"d2c23562e82514e41c3144db0b5804a9528adf1f"
"Miguel 햚gel Pascual Collar","2021-05-21T21:21:51Z",4,4,0,"2da7173655eaa46166d53407c75f6242598308fc"
"Miguel 햚gel Pascual Collar","2021-05-21T15:40:42Z",2,1,1,"6a8b47968bd03a8fc0b02cfb735eca93a818b046"
"Miguel 햚gel Pascual Collar","2021-05-21T15:34:41Z",7,5,2,"8eb75410cd79fe2a2c83a3e4b319d6c970744ca8"
"Miguel 햚gel Pascual Collar","2021-05-21T15:10:53Z",1,1,0,"5aada9a936b0688358baaf789b35ead8069a4f0a"
"Miguel 햚gel Pascual Collar","2021-05-21T15:00:00Z",0,0,0,"67f31f563ec4e12832230e99e347ab641b4c6a55"
"Miguel 햚gel Pascual Collar","2021-05-21T14:59:54Z",0,0,0,"e812e94b7bc070850028ccef4bfc6dc006763920"
"Miguel 햚gel Pascual Collar","2021-05-21T14:59:48Z",0,0,0,"8e26f7f07bec2a3dbc6d1beef31d9d142e1e0c3b"
"Miguel 햚gel Pascual Collar","2021-05-21T14:59:43Z",0,0,0,"ec9955c3a8021a06b8895e6aed2d1febceb86d23"
"Miguel 햚gel Pascual Collar","2021-05-21T14:59:28Z",0,0,0,"400d9bec11b9e396b8de01669931145dfc8c8452"
"Miguel 햚gel Pascual Collar","2021-05-21T14:59:11Z",2,1,1,"2b3e5c89bda96d15ec72d3cea4dab63e02194781"
"Miguel 햚gel Pascual Collar","2021-05-21T14:58:54Z",3,3,0,"05b0da4ea3c99ec17a3b458badfcacf340e168b6"
"Miguel 햚gel Pascual Collar","2021-05-21T14:57:44Z",5,5,0,"ae410c4c60b353a0935df769720ecd0240e2ec1a"
"Miguel 햚gel Pascual Collar","2021-05-21T14:55:58Z",10,5,5,"4b887e101233ffd9245adfd31e54b2bf6e7c0096"
"Miguel 햚gel Pascual Collar","2021-05-21T14:55:45Z",10,5,5,"64fd55b0384856e56238985536dff9aecac2f01d"
"Miguel 햚gel Pascual Collar","2021-05-21T14:55:10Z",8,7,1,"542d6049525c70b5de53d6c15f48a6331ac76dde"
"Miguel 햚gel Pascual Collar","2021-05-21T14:48:19Z",2,1,1,"a89af1c8a0bdc8bcd8782911278af0f22f012b52"
"Miguel 햚gel Pascual Collar","2021-05-21T14:47:51Z",0,0,0,"bbbc730471808ab8bf23c84c2f96fe79221ae9f9"
"Miguel 햚gel Pascual Collar","2021-05-21T14:44:45Z",0,0,0,"7d79e51bb51867b201b193cb844ae6bf50fe90c1"
"Miguel 햚gel Pascual Collar","2021-05-21T09:53:31Z",8,8,0,"9a3c532e42f59513bfab7b999bd6a5c118751bb6"
"Miguel 햚gel Pascual Collar","2021-05-20T15:31:57Z",2,1,1,"6256f587db0a8709035c431dceb985d6946c9db3"
"Miguel 햚gel Pascual Collar","2021-05-19T00:57:34Z",2,2,0,"a0c8f315a6e97cc7e90ed1aa8924e08cdbbdadb8"
"Miguel 햚gel Pascual Collar","2021-05-19T00:57:00Z",6,3,3,"2f3479d794e30746cc42b858393c679005bdad19"
"Miguel 햚gel Pascual Collar","2021-05-19T00:46:59Z",47,47,0,"f04ddcd5220c405888fc53b0b631b9e2fd1d4ad8"
"Miguel 햚gel Pascual Collar","2021-05-07T21:21:55Z",3,2,1,"3b9be0154123d2ed5eed5d2cc45e7ca51c75ad0f"
"pmartinezconde","2021-05-07T21:17:52Z",2,1,1,"e3517c6c9469cf1e067f953f1f0d200d14a6563f"
"pmartinezconde","2021-05-07T21:16:16Z",3,3,0,"a1a0595afca079373c0913705eaaf4bae79c5034"
"pmartinezconde","2021-05-07T21:10:00Z",2,1,1,"99dd62b4f9240a3c6377e5824eb5b3ec3b2fcbf4"
"pmartinezconde","2021-05-07T20:57:41Z",2,1,1,"7799f091a6e37fbd1b82d7dc500039745f67a600"
"pmartinezconde","2021-05-07T19:28:36Z",2,2,0,"0bcf3817a083b3396f71cd9f1d8c7e4745d2a94a"
"pmartinezconde","2021-05-07T19:22:40Z",3,3,0,"79606fff02d0986e128fd13267229f5ae02d2c6e"
"pmartinezconde","2021-05-06T23:59:03Z",1,1,0,"fc7d40f91dfb84e9c469e263b4b7ab6cfa79e590"
"Miguel 햚gel Pascual Collar","2021-05-02T20:57:04Z",1,1,0,"aa5182f22996b422751280453495202151bc7650"
"Miguel 햚gel Pascual Collar","2021-05-01T22:37:43Z",0,0,0,"b91186dcc36320d89e5b59fc409c0f533cf2a676"
"Miguel 햚gel Pascual Collar","2021-05-01T22:24:05Z",147,147,0,"7aedee0cc8c4f583112e9bbe7bc84372f00fc90a"
"Miguel 햚gel Pascual Collar","2021-05-01T22:23:33Z",25,25,0,"f776219fa745d08684f7e54165196444c6cc2840"
"Miguel 햚gel Pascual Collar","2021-05-01T22:23:04Z",10,5,5,"0e2a5e0830db525549208f2372ba08cb58329133"
"Miguel 햚gel Pascual Collar","2021-05-01T22:22:08Z",32,27,5,"ae4eed24c80d4d59b8b1b7b0dd812d1fbb9e7694"
"Miguel 햚gel Pascual Collar","2021-05-01T22:21:15Z",1,1,0,"99ac247fb9e03005457c8f20753420bfbfa42ac2"
"Miguel 햚gel Pascual Collar","2021-04-30T22:38:53Z",19,19,0,"df6c6d4212516075e2c38f3fc2fbafc061bef086"
"Miguel 햚gel Pascual Collar","2021-04-30T22:38:28Z",46,46,0,"3fac74fac6be7ef7387e1343cc731d234ec8b780"
"Miguel 햚gel Pascual Collar","2021-04-30T22:33:11Z",2,1,1,"3796c037a8bf9e74cad6c9ef39ebd6011824901c"
"Miguel 햚gel Pascual Collar","2021-04-30T22:31:12Z",23,22,1,"30d917e7a6659bcfdbcd5d99de671c568bc64697"
"Miguel 햚gel Pascual Collar","2021-04-30T22:30:39Z",49,49,0,"edc232c04b09cce8077bb70285a10ce40118072b"
"Miguel 햚gel Pascual Collar","2021-04-30T21:18:27Z",1,1,0,"a4feb61db4eed7c3d96a117f54d489636b75797f"
"Miguel 햚gel Pascual Collar","2021-04-30T16:28:20Z",2,1,1,"c32908a837a8f25721a30ef932d7804ec220a5a1"
"Miguel 햚gel Pascual Collar","2021-04-30T16:25:36Z",1,1,0,"e165c0a64b962931358f4bd30dc9281e3b78ed3c"
"Miguel 햚gel Pascual Collar","2021-04-28T21:20:27Z",2,1,1,"435b38a263e7ea80866ce78635f3fe530b22fd80"
"Miguel 햚gel Pascual Collar","2021-04-28T21:20:12Z",2,1,1,"dbf277b2ba4a142926025d1b0304545a8750df6d"
"Miguel 햚gel Pascual Collar","2021-04-28T21:20:02Z",3,2,1,"ca2e2c197828636e59b3d4172f8ab6bf05d6d8c8"
"Miguel 햚gel Pascual Collar","2021-04-28T21:17:21Z",33,18,15,"9ad291b6763e6ba3cfc9003adcfdecf535755aa5"
"pmartinezconde","2021-04-28T17:27:36Z",0,0,0,"a2cf0e91f38e6c38cd9f87aeab70ad131f6f6064"
"Miguel 햚gel Pascual Collar","2021-04-27T19:42:51Z",1,1,0,"2d0b6b8b18b9bc5c3a58f8ec4ead259ec5dc4db1"
"Miguel 햚gel Pascual Collar","2021-04-27T19:36:21Z",2,2,0,"5aab4e572a231f3e280874e2d715e6f49f6f7bef"
"Miguel 햚gel Pascual Collar","2021-04-27T19:32:46Z",39,39,0,"b099b579c2cc0495487bc218d8b1d6c1572ef2de"
"Miguel 햚gel Pascual Collar","2021-03-09T16:19:08Z",2,1,1,"02cb8991e3af1a8d4e82224e180bb8f5a7e1eb48"
"pmartinezconde","2021-03-09T16:17:46Z",2,1,1,"f82e42489162ea7d2f979410f93567c6498b6150"
"Miguel 햚gel Pascual Collar","2021-03-09T16:17:27Z",2,1,1,"85ff397cf973ecc27ddd43876dc235679247fceb"
"Miguel 햚gel Pascual Collar","2021-03-09T16:11:34Z",2,1,1,"f356e2536f5a297a02e2600caa90a52378f3de13"
"pmartinezconde","2021-03-09T16:07:14Z",2,1,1,"f778a663c70699c6969a06ed18d987a4a646ec26"
"Miguel 햚gel Pascual Collar","2021-03-09T15:55:40Z",17,11,6,"e1d6732ce99124c0137e9f7fb6cd928f2a157a97"
"github-classroom[bot]","2021-03-09T15:32:00Z",737,737,0,"138dbce6c85174f5a0e4889b524884f6849622f2"
